10A_B1_F1_1_2016	225	225	180	183	348	357	282	288	372	372	288	288	249	252	190	190	302	302	345	345	249	249
10A_B1_F1_2_2016	219	225	180	183	348	354	276	282	372	372	288	291	234	252	190	194	302	302	345	345	249	249
10A_B1_F1_3_2016	225	225	183	183	357	357	276	288	372	372	288	291	246	249	190	194	302	302	351	354	249	249
10A_B1_F2_4_2016	219	225	180	183	357	357	276	276	372	372	288	288	246	252	200	202	302	302	345	351	249	249
10A_B2_F3_5_2016	219	225	180	183	348	360	288	288	372	372	288	288	240	252	194	202	302	302	345	345	249	249
10A_B2_F3_6_2016	219	225	183	183	345	357	282	282	372	372	288	288	249	252	200	202	300	302	354	354	249	249
10A_B2_F3_7_2016	219	225	180	183	357	357	282	282	372	372	288	288	249	252	190	202	302	302	345	348	249	270
10A_B2_F4_8_2016	219	225	180	183	345	357	282	288	372	372	291	291	243	252	190	202	302	302	345	345	249	270
10A_B2_F4_9_2016	219	225	180	183	357	357	285	288	372	372	288	288	249	252	190	194	302	302	345	345	249	249
10B_B1_F1_1_2016	225	225	180	183	348	360	285	285	372	372	291	291	249	252	194	194	302	302	345	354	249	249
10B_B1_F2_2_2016	219	225	180	183	348	366	285	288	372	372	291	291	228	252	190	190	302	302	345	354	249	267
10B_B1_F3_3_2016	225	225	180	183	348	348	285	288	372	372	288	291	255	258	194	194	302	302	345	354	249	249
10B_B1_F3_4_2016	225	225	183	183	345	348	285	288	372	372	291	291	249	252	194	194	302	302	342	345	249	249
10B_B1_F4_5_2016	219	225	183	183	348	354	285	285	372	372	291	291	249	258	190	200	300	302	345	354	249	249
10B_B1_F4_6_2016	225	225	183	183	348	360	285	288	372	372	285	291	240	258	194	194	302	302	345	354	249	249
10B_B1_F4_7_2016	222	225	183	183	348	360	285	285	372	372	291	291	255	258	194	194	302	302	345	354	249	249
10B_B1_F5_8_2016	225	225	183	183	348	357	285	288	372	372	285	291	240	252	194	200	300	302	345	357	249	249
10B_B4_F6_9_2016	225	225	183	183	348	357	282	285	372	372	285	291	249	252	194	194	300	302	345	354	249	249
10B_B4_F6_10_2016	225	225	183	183	348	360	285	285	372	372	291	291	243	252	194	194	302	302	345	348	249	249
10B_B4_F7_11_2016	219	225	183	183	348	360	285	285	372	372	291	291	249	252	190	194	302	302	345	354	249	249
10C_B2_F1_1_2016	219	219	180	183	357	357	285	288	372	372	285	285	240	246	194	206	302	302	348	354	249	249
10C_B2_F2_2_2016	219	225	180	183	348	357	288	288	372	372	291	291	252	258	194	198	302	302	345	348	249	249
10C_B2_F2_3_2016	225	225	180	180	357	357	288	288	372	372	285	291	234	240	194	198	302	302	345	348	249	249
10C_B2_F3_4_2016	219	225	180	180	357	357	288	288	372	372	285	291	240	258	194	194	302	302	345	348	249	249
10C_B2_F4_5_2016	225	225	180	180	357	357	288	300	372	372	285	285	237	240	194	194	302	302	342	354	249	249
10C_B2_F5_6_2016	222	225	180	183	348	354	288	297	372	372	285	291	240	252	194	194	302	302	345	348	249	249
10C_B2_F5_7_2016	225	225	180	180	357	360	276	288	372	372	285	291	240	243	194	194	302	302	348	348	249	249
10C_B2_F6_8_2016	219	219	180	183	354	357	285	288	372	372	285	285	240	252	194	194	302	302	345	348	249	249
10C_B2_F6_9_2016	225	225	180	180	357	360	288	288	372	372	285	291	249	258	194	194	302	302	345	348	249	249
10C_B2_F7_10_2016	219	222	180	183	348	357	288	288	372	372	285	288	240	252	194	200	302	302	342	348	249	270
10C_B5_F8_11_2016	219	225	180	180	357	360	285	288	372	372	285	291	240	252	190	194	302	302	339	348	249	249
10C_B5_F8_12_2016	219	219	180	180	354	357	288	297	372	372	285	291	237	240	194	194	302	302	342	351	249	249
10C_B5_F9_13_2016	219	225	180	180	348	360	285	288	372	372	285	291	240	252	194	194	302	302	342	354	249	249
10C_B5_F9_14_2016	219	225	180	183	357	357	288	297	372	372	285	291	252	258	194	200	302	302	345	348	249	249
10C_B5_F10_15_2016	219	225	180	180	357	357	288	288	372	372	285	285	240	258	194	194	302	302	345	348	249	249
10C_B5_F11_16_2016	225	225	180	183	348	354	288	288	372	372	285	285	240	252	194	194	302	302	348	348	249	249
10C_B5_F12_17_2016	222	225	180	183	357	357	288	288	372	372	285	285	240	252	194	194	302	302	342	351	249	249
10D_B2_F1_1_2016	225	225	180	183	357	360	285	288	372	372	291	291	243	252	194	198	302	302	345	357	249	249
10D_B2_F1_2_2016	225	225	180	183	348	357	276	276	372	372	291	291	237	240	186	198	302	302	345	348	249	249
10D_B2_F2_3_2016	225	225	180	180	357	360	288	288	372	372	285	291	237	240	198	198	302	302	357	357	249	249
10D_B2_F2_4_2016	225	225	180	180	357	360	276	282	372	372	291	291	237	240	198	198	302	302	345	357	249	249
10D_B2_F2_5_2016	222	225	180	180	345	360	288	288	372	372	285	291	237	240	196	198	302	302	345	348	249	249
10D_B2_F3_6_2016	222	222	180	183	345	360	288	288	372	372	285	291	243	246	190	206	302	302	354	357	249	249
10D_B2_F4_7_2016	222	225	180	183	348	357	288	288	372	372	291	291	237	240	190	196	302	302	357	357	249	249
10D_B3_F5_8_2016	225	225	180	180	345	345	276	276	372	372	291	291	237	243	198	198	300	302	345	357	249	249
10D_B3_F6_9_2016	219	222	177	180	342	357	288	288	372	372	291	291	237	240	198	198	302	302	345	345	249	249
10D_B3_F6_10_2016	225	225	180	180	345	360	288	288	372	372	291	291	237	240	190	196	302	302	357	357	249	249
10D_B2_F5_11_2016	219	225	180	183	345	360	285	288	372	372	291	291	237	240	190	196	302	302	357	357	249	249
10D_B3_F7_12_2016	219	225	180	183	345	360	285	288	372	372	291	291	240	240	190	196	302	302	357	357	249	249
10D_B3_F8_13_2016	219	225	180	183	345	360	282	288	372	372	291	291	240	243	190	194	302	302	345	357	249	249
10D_B3_F9_14_2016	222	225	180	180	345	354	288	297	372	372	291	291	237	240	190	190	302	302	345	345	249	249
10E_B6_F1_1_2016	225	225	180	180	348	348	288	288	372	375	285	285	231	234	186	194	302	302	345	345	249	249
10E_B6_F1_2_2016	225	225	180	180	354	360	288	288	372	372	291	291	240	252	194	200	302	302	345	354	249	249
10E_B6_F2_3_2016	222	225	180	180	354	354	288	291	372	372	291	291	231	234	194	198	302	302	354	354	249	249
10E_B6_F2_4_2016	225	225	180	180	357	357	288	288	372	372	291	291	240	243	194	196	302	302	345	345	249	249
10E_B6_F3_5_2016	225	225	180	180	360	360	288	288	372	372	291	291	234	240	194	194	302	302	345	345	249	249
10E_B6_F3_6_2016	225	225	180	180	348	360	288	288	372	372	285	285	234	258	194	194	302	302	345	345	249	249
10E_B9_F4_7_2016	225	225	180	180	360	360	276	288	372	372	291	291	237	240	194	194	302	302	345	345	249	249
10E_B9_F4_8_2016	225	225	180	180	357	357	276	288	372	372	291	291	237	240	194	194	302	302	345	345	249	249
10E_B9_F5_9_2016	225	225	180	180	357	360	285	288	372	372	291	291	240	252	194	200	302	302	345	345	249	249
10E_B9_F6_10_2016	225	225	180	180	360	360	288	288	372	375	291	291	234	252	194	200	302	302	345	354	249	249
10E_B6_F4_11_2016	222	225	180	180	357	360	285	288	372	372	288	291	234	252	192	194	302	302	345	345	249	249
10E_B6_F5_12_2016	225	225	180	180	357	360	285	288	372	372	288	291	234	252	194	194	302	302	345	345	249	249
10E_B9_F7_13_2016	225	225	180	180	357	360	285	288	372	372	288	291	234	252	186	194	302	302	345	345	249	249
12A_B3_F1_1_2016	219	225	183	186	357	366	288	297	372	372	285	285	240	252	194	200	292	294	345	348	249	249
12A_B3_F1_2_2016	225	225	183	186	357	366	288	297	372	372	285	285	252	255	194	200	292	302	345	345	249	249
12A_B3_F1_3_2016	225	225	183	186	363	363	288	288	372	372	285	285	252	255	194	200	0	0	0	0	249	249
12A_B3_F2_4_2016	219	219	183	183	357	363	288	297	372	372	285	285	240	255	192	192	302	302	345	345	249	249
12A_B3_F2_5_2016	219	225	180	183	357	357	288	297	372	372	285	291	240	252	194	200	302	302	345	354	249	249
12A_B3_F2_6_2016	225	225	183	183	345	357	282	282	372	372	285	291	240	240	194	200	290	292	345	345	249	249
12A_B3_F3_7_2016	225	225	180	183	357	366	276	297	372	372	285	285	237	240	192	192	302	302	345	345	249	249
12A_B3_F3_8_2016	225	225	183	183	357	363	285	285	366	372	291	291	0	0	192	192	302	302	354	354	249	249
12A_B4_F4_9_2016	225	225	180	180	357	357	285	297	372	372	288	288	240	252	198	200	302	302	348	354	249	249
12A_B4_F4_10_2016	225	225	180	183	357	363	285	285	372	372	285	285	240	252	194	200	302	302	345	345	249	249
12A_B4_F5_11_2016	219	225	180	180	357	357	288	297	372	372	285	285	249	252	192	192	292	302	345	348	249	249
12A_B4_F6_12_2016	219	225	180	180	357	363	288	297	372	372	285	285	237	240	194	200	302	302	345	345	249	249
12C_B1_F1_1_2016	225	225	180	180	357	357	276	285	372	372	0	0	249	252	194	200	302	302	327	348	249	249
12C_B1_F1_2_2016	225	225	180	180	357	357	276	288	372	372	285	288	237	240	194	194	302	302	345	345	249	249
12C_B1_F1_3_2016	225	225	180	180	357	357	285	285	372	372	288	291	0	0	194	194	302	302	345	348	249	249
12C_B1_F2_4_2016	225	225	180	183	357	366	276	285	372	372	288	291	249	252	194	194	302	302	345	348	249	249
12C_B1_F2_5_2016	225	225	180	183	357	357	0	0	372	372	288	288	249	252	192	200	302	302	345	348	249	249
12C_B1_F2_6_2016	225	225	180	180	357	357	285	285	372	372	288	288	249	252	192	200	302	302	345	345	249	249
12C_B1_F3_7_2016	225	225	180	180	357	360	276	288	372	372	288	288	249	252	0	0	302	302	345	348	249	249
12C_B1_F3_8_2016	225	225	180	183	357	357	276	276	372	372	288	291	0	0	198	200	302	302	345	348	249	249
12C_B3_F4_9_2016	225	225	177	180	357	360	285	294	372	372	288	288	0	0	194	194	302	302	345	354	249	249
12C_B3_F4_10_2016	219	225	180	180	348	357	0	0	372	372	288	288	249	255	194	194	302	302	348	348	249	249
12C_B1_F4_11_2016	219	225	180	183	357	357	288	297	372	372	288	288	249	252	194	194	302	302	348	348	249	249
12C_B3_F5_12_2016	225	225	180	183	357	357	285	288	372	372	288	288	243	252	194	200	302	302	345	345	249	249
12D_B1_F1_1_2016	225	225	183	183	348	360	285	285	372	372	285	285	240	243	194	206	302	302	345	348	249	249
12D_B1_F1_2_2016	219	225	183	183	357	360	276	285	372	372	285	291	240	243	194	200	302	302	348	360	249	249
12D_B1_F2_3_2016	225	225	180	183	360	363	276	297	372	372	285	291	240	252	192	200	292	302	345	348	249	249
12D_B1_F2_4_2016	219	219	180	183	360	363	276	282	372	372	285	285	243	252	200	206	292	302	345	345	249	249
12D_B1_F3_5_2016	219	219	180	183	360	369	276	288	372	372	285	285	243	243	192	206	302	302	348	357	249	249
12D_B1_F3_6_2016	219	219	183	183	360	369	276	276	372	372	285	285	243	252	194	200	302	302	345	357	249	255
12D_B1_F3_7_2016	225	225	183	183	357	360	276	288	372	372	285	285	243	252	194	206	302	302	345	348	249	249
12D_B1_F4_8_2016	225	225	180	183	342	360	285	285	372	372	291	291	240	243	194	200	302	302	345	345	249	249
12D_B1_F4_9_2016	225	225	183	186	360	366	285	288	372	372	291	291	243	255	198	200	294	302	345	345	249	249
12D_B3_F5_10_2016	219	225	183	183	360	360	276	285	372	372	285	291	249	252	194	206	302	302	348	357	249	249
12D_B3_F6_11_2016	219	225	183	183	357	360	285	288	372	372	285	285	249	252	194	200	302	302	348	363	249	255
12D_B3_F7_12_2016	225	225	183	183	360	369	285	285	372	372	285	291	240	243	204	206	302	302	345	345	249	249
12D_B1_F5_13_2016	225	225	183	183	348	354	285	297	372	372	285	285	240	243	194	200	302	302	345	354	249	249
12D_B3_F8_14_2016	219	225	183	183	360	360	285	297	372	372	285	285	240	243	200	200	302	302	345	345	249	249
12E_B4_F2_1_2016	225	225	180	180	345	360	276	285	372	372	285	291	243	252	194	194	302	302	357	363	249	249
12E_B4_F3_2_2016	219	225	180	180	0	0	276	288	372	372	285	291	249	252	194	194	302	302	0	0	249	249
12E_B4_F3_3_2016	225	225	180	180	360	360	276	288	372	372	291	291	249	252	204	206	302	302	345	348	249	249
12E_B5_F4_4_2016	219	225	180	180	345	360	276	297	372	372	285	285	249	252	204	206	302	302	345	345	249	249
12E_B5_F4_5_2016	219	225	180	180	360	360	276	276	372	372	285	285	249	252	192	206	302	302	345	357	249	249
12E_B5_F5_6_2016	225	225	180	183	345	360	276	285	372	372	285	285	240	252	194	194	302	302	342	357	249	249
12E_B5_F6_7_2016	219	225	180	180	357	360	276	276	372	372	291	291	249	252	200	206	302	302	345	357	249	249
12E_B5_F7_8_2016	219	225	180	183	360	360	276	288	372	372	285	291	249	252	194	194	302	302	357	357	249	249
12E_B5_F7_9_2016	225	225	180	183	345	369	276	297	372	372	285	291	240	252	198	206	302	302	345	363	249	249
12E_B5_F8_10_2016	219	225	180	183	351	360	276	297	372	372	285	291	249	252	190	206	302	302	354	357	249	249
12E_B5_F9_11_2016	219	225	180	180	345	360	276	297	372	372	285	291	249	252	194	194	302	302	357	357	249	249
12E_B5_F10_12_2016	219	225	180	180	345	360	276	297	372	372	285	285	249	249	194	194	302	302	345	345	249	261
16A_B5_F1_1_2016	225	225	180	183	360	366	276	285	372	372	285	285	252	255	194	194	302	302	345	348	249	249
16A_B5_F1_2_2016	219	225	180	183	357	360	276	276	372	372	285	285	240	255	194	194	302	302	345	348	249	249
16A_B5_F1_3_2016	225	225	180	183	360	366	279	288	372	372	291	291	240	252	194	194	302	302	348	348	249	249
16A_B5_F3_4_2016	0	0	180	180	357	360	279	291	372	372	285	288	249	252	190	194	302	302	348	348	249	249
16A_B5_F3_5_2016	225	225	180	180	360	366	279	297	372	375	285	285	243	252	194	194	302	302	345	354	249	249
16A_B5_F3_6_2016	219	225	180	183	360	360	279	297	372	372	285	291	240	252	190	194	302	302	348	348	249	249
16A_B5_F4_7_2016	225	225	180	180	357	360	276	285	372	375	291	291	237	240	194	194	302	302	348	348	249	249
16A_B5_F4_8_2016	225	225	183	183	360	360	276	285	372	375	291	291	249	252	194	200	302	302	345	345	249	249
16A_B5_F5_9_2016	225	225	180	183	360	360	276	279	372	372	285	291	243	252	194	194	302	302	348	348	249	249
16A_B5_F5_10_2016	219	225	180	183	360	360	276	276	372	372	285	285	240	255	190	194	302	302	345	354	249	249
16A_B5_F6_11_2016	225	225	180	180	360	360	276	279	372	372	285	291	243	252	194	194	302	302	345	348	249	249
16A_B5_F6_12_2016	219	225	180	180	360	360	276	282	372	372	285	288	240	240	190	194	302	302	345	354	249	249
16A_B5_F7_13_2016	219	225	180	180	360	360	279	285	372	372	285	285	240	255	194	194	302	302	345	345	249	249
16A_B5_F8_14_2016	219	225	180	183	360	360	276	285	372	372	285	291	240	240	194	194	302	302	348	348	249	249
16A_B5_F9_15_2016	225	225	180	183	360	360	276	285	372	372	285	291	243	252	194	194	302	302	345	354	249	249
16B_B4_F1_1_2016	222	225	180	183	357	360	285	297	372	372	285	291	243	252	192	192	300	302	345	345	270	270
16B_B4_F1_2_2016	225	225	180	183	357	363	288	297	372	375	285	291	240	243	192	194	302	302	345	354	249	249
16B_B4_F2_3_2016	225	225	183	183	357	357	279	297	372	372	291	291	237	240	192	194	302	302	354	354	249	249
16B_B4_F2_4_2016	225	225	180	183	357	360	276	288	372	372	285	291	249	252	192	192	302	302	348	354	270	270
16B_B4_F3_5_2016	225	225	183	183	357	357	288	288	372	372	0	0	243	252	192	200	302	302	354	354	270	270
16B_B4_F3_6_2016	225	225	180	183	345	357	288	297	372	372	291	291	243	255	192	194	302	302	345	354	249	249
16B_B4_F4_7_2016	222	222	183	183	348	357	276	297	372	372	291	291	240	255	192	192	302	302	345	354	249	270
16B_B7_F5_8_2016	222	225	180	183	357	360	288	297	372	372	291	291	240	243	192	200	302	304	345	354	249	270
16B_B7_F5_9_2016	225	225	183	183	357	357	297	297	372	372	285	285	243	252	192	192	302	302	354	354	0	0
16B_B7_F5_10_2016	222	225	180	183	357	357	297	297	372	372	288	288	240	252	192	194	300	302	345	354	249	249
16B_B7_F6_11_2016	219	225	180	183	354	357	285	297	372	372	285	291	243	252	192	194	302	302	354	354	249	270
16B_B7_F7_12_2016	222	225	180	183	354	357	285	288	372	372	291	291	0	0	192	200	302	302	354	354	249	249
16B_B7_F8_13_2016	225	225	180	183	357	363	285	288	372	372	291	291	240	243	192	192	302	302	345	345	270	270
16C_B4_F1_1_2016	219	222	183	183	357	357	276	276	372	372	288	288	249	252	200	206	302	302	345	354	249	270
16C_B4_F1_2_2016	219	225	180	183	345	360	276	276	372	372	291	291	249	252	192	200	300	302	345	348	249	249
16C_B4_F2_3_2016	219	225	180	183	357	363	285	288	372	372	288	291	240	252	190	194	302	302	348	369	249	249
16C_B4_F2_4_2016	219	225	183	183	357	360	276	288	372	375	291	291	240	252	194	194	300	302	345	354	249	249
16C_B4_F3_5_2016	219	219	180	183	357	360	276	282	372	372	288	288	249	252	194	200	302	302	348	354	249	249
16C_B4_F3_6_2016	219	225	180	183	357	360	285	288	372	372	291	291	249	252	194	200	302	302	345	348	249	270
16C_B6_F4_7_2016	219	225	180	183	345	360	276	279	372	372	288	291	240	252	194	200	302	302	336	345	249	249
16C_B6_F4_8_2016	219	219	183	183	345	366	276	285	372	372	0	0	249	252	194	200	302	302	345	348	249	249
16C_B6_F5_9_2016	219	219	180	183	357	357	288	297	372	372	288	291	240	252	194	194	300	302	345	345	249	249
16C_B6_F5_10_2016	219	225	183	183	357	366	285	288	372	375	285	288	240	252	198	200	300	302	348	348	249	249
16C_B6_F6_11_2016	219	219	180	183	357	357	288	297	372	372	285	288	249	252	0	0	302	302	0	0	249	249
16C_B6_F6_12_2016	219	219	180	183	348	357	288	297	372	372	288	291	249	252	190	200	302	302	345	357	249	249
16C_B4_F4_13_2016	219	225	180	183	357	360	288	288	372	372	288	291	240	261	194	194	302	302	348	348	249	270
16C_B4_F5_14_2016	219	225	180	183	357	357	285	288	372	372	288	291	249	252	194	194	302	302	348	348	249	249
16E_B2_F1_1_2016	225	225	180	183	360	360	285	297	372	372	285	285	249	252	198	200	302	302	354	354	249	270
16E_B2_F1_2_2016	225	225	180	183	357	357	279	282	372	372	288	288	249	252	192	192	302	302	348	354	249	270
16E_B2_F1_3_2016	225	225	180	180	357	360	276	282	372	375	285	288	249	252	192	192	302	302	354	354	249	249
16E_B2_F2_4_2016	219	225	177	180	354	360	288	297	372	372	285	288	240	255	192	194	302	302	336	354	249	249
16E_B2_F2_5_2016	225	225	180	183	0	0	288	297	372	372	288	288	0	0	192	200	300	302	345	354	249	249
16E_B2_F2_6_2016	219	225	180	183	357	360	282	288	372	372	285	288	237	252	192	194	302	302	348	351	249	249
16E_B2_F3_7_2016	219	225	180	183	357	360	288	297	372	372	288	291	0	0	184	192	302	302	345	348	249	261
16E_B2_F3_8_2016	225	225	180	183	354	357	282	288	372	372	288	291	252	255	192	206	300	302	348	354	270	270
16E_B3_F4_9_2016	225	225	180	183	357	360	288	297	372	372	288	288	243	252	192	200	302	302	345	348	249	270
16E_B3_F4_10_2016	225	225	183	183	357	357	282	285	372	372	288	288	243	252	192	208	302	302	348	348	249	249
16E_B3_F4_11_2016	225	225	180	183	357	360	297	297	372	375	288	288	240	252	192	194	294	302	348	348	249	249
16E_B3_F5_12_2016	225	225	180	183	357	357	282	285	372	375	288	291	249	252	192	194	294	302	345	354	249	270
16E_B3_F5_13_2016	225	225	180	180	357	360	285	285	372	372	285	288	252	252	192	200	302	302	354	354	249	249
24A_B1_F1_1_2016	219	219	180	183	357	360	288	288	372	372	285	285	240	252	194	194	302	302	348	348	249	249
24A_B1_F1_2_2016	219	225	180	180	360	360	288	297	372	372	285	285	240	246	194	198	300	302	348	378	249	249
24A_B1_F1_3_2016	219	225	180	186	357	360	282	288	372	372	285	285	0	0	194	194	300	302	345	348	249	249
24A_B1_F2_4_2016	219	225	180	186	357	360	285	288	372	372	285	288	240	252	194	194	302	302	345	348	249	249
24A_B1_F2_5_2016	219	225	180	180	357	360	288	288	372	372	285	285	240	252	194	194	290	302	345	348	249	249
24A_B1_F2_6_2016	219	225	180	183	360	360	276	288	372	372	285	285	252	255	194	198	294	302	345	348	249	249
24A_B1_F3_7_2016	219	225	180	183	345	357	285	288	372	372	285	285	0	0	190	194	302	302	345	348	249	249
24A_B1_F3_8_2016	219	219	180	183	345	357	285	288	372	372	285	291	252	255	194	198	302	302	345	348	249	249
24A_B1_F3_9_2016	219	219	180	180	345	360	285	288	372	372	285	291	240	255	190	194	302	302	345	351	249	249
24A_B1_F4_10_2016	219	225	180	183	357	360	288	288	372	372	285	288	240	255	198	198	302	302	345	348	249	249
24A_B1_F4_11_2016	219	225	180	183	357	366	288	288	372	372	285	291	243	252	194	194	302	302	345	351	249	249
24A_B1_F5_12_2016	219	225	180	180	357	360	285	288	372	372	0	0	252	252	194	194	302	302	348	348	249	249
24A_B1_F6_13_2016	219	225	180	183	354	360	288	288	372	372	285	285	249	252	194	198	302	302	348	348	249	270
24A_B1_F7_14_2016	219	225	180	183	357	360	285	288	372	372	285	291	240	252	194	194	302	302	348	348	249	249
24B_B5_F1_1_2016	225	225	180	183	345	348	285	288	372	372	285	291	240	249	190	190	302	302	345	348	249	270
24B_B5_F1_2_2016	225	225	183	183	348	366	285	288	372	372	285	285	249	252	190	194	294	302	345	345	249	270
24B_B5_F1_3_2016	219	225	180	180	348	360	288	288	372	372	285	285	240	249	190	194	302	302	348	348	249	270
24B_B6_F2_4_2016	219	225	180	183	360	360	288	288	372	372	285	288	240	252	190	194	302	302	348	348	249	270
24B_B6_F2_5_2016	219	225	180	180	348	360	288	288	372	372	285	285	249	252	190	206	302	302	342	345	249	270
24B_B6_F3_6_2016	219	225	180	180	348	357	288	288	372	372	285	285	249	252	194	206	302	302	345	345	249	270
24B_B6_F3_7_2016	225	225	180	183	345	348	285	288	372	372	285	285	249	252	194	194	302	302	345	345	249	270
24B_B6_F4_8_2016	225	225	180	180	348	357	276	288	372	372	285	285	249	252	190	194	302	302	345	345	249	270
24B_B6_F4_9_2016	225	225	183	183	357	360	276	288	372	372	285	285	249	255	192	194	302	302	345	348	249	270
24B_B6_F5_10_2016	225	225	180	180	348	360	288	288	372	372	285	285	249	255	190	194	302	302	348	348	270	270
24B_B6_F6_11_2016	225	225	180	183	348	348	288	288	372	372	285	285	240	252	190	190	302	302	345	348	249	270
24B_B6_F7_12_2016	219	225	180	180	348	360	288	288	372	372	285	285	240	249	194	194	302	302	345	348	249	249
24C_B2_F1_1_2016	225	225	180	183	360	363	276	276	372	372	285	288	249	252	190	194	294	302	345	345	249	249
24C_B2_F1_2_2016	219	225	180	183	360	363	276	288	372	372	285	285	243	252	194	194	302	302	348	351	249	270
24C_B2_F2_3_2016	225	225	180	183	345	348	288	297	372	372	285	285	240	252	192	198	294	302	351	378	249	249
24C_B2_F2_4_2016	225	225	180	183	360	363	288	297	372	372	285	285	240	252	194	194	294	302	351	351	249	249
24C_B2_F2_5_2016	225	225	180	183	363	363	276	285	372	372	285	285	249	252	194	198	294	302	348	351	249	249
24C_B2_F3_6_2016	225	225	180	183	360	363	276	276	372	372	285	285	249	252	194	194	292	294	345	345	249	249
24C_B2_F3_7_2016	225	225	183	183	363	363	276	288	372	372	285	291	246	252	194	194	302	302	345	351	249	249
24C_B2_F4_8_2016	219	225	180	183	348	360	288	297	372	375	285	285	243	252	194	194	302	302	345	348	249	270
24C_B2_F4_9_2016	219	225	183	186	348	360	288	297	372	372	285	285	240	252	194	194	294	302	348	351	249	270
24C_B2_F4_10_2016	219	225	180	183	357	363	285	288	372	372	285	291	249	252	194	194	294	294	345	351	249	249
24C_B2_F5_11_2016	225	225	183	183	348	357	288	288	372	372	285	285	228	252	194	198	294	302	345	354	249	249
24C_B2_F6_12_2016	225	225	180	183	348	348	288	297	372	372	285	285	252	252	194	194	302	302	351	351	249	249
24C_B2_F7_13_2016	219	225	180	183	348	348	288	297	372	372	285	288	240	252	190	194	294	302	345	348	249	249
24C_B2_F8_14_2016	225	225	180	183	348	351	288	297	372	372	285	285	252	252	194	194	294	302	345	345	249	249
24D_B1_F1_1_2016	219	225	180	180	360	366	288	297	372	372	285	288	240	252	192	194	300	302	345	351	249	249
24D_B1_F1_2_2016	219	225	180	183	360	360	276	288	372	372	285	288	240	252	192	206	300	302	345	345	249	249
24D_B1_F2_3_2016	225	225	180	183	360	360	297	297	372	372	285	291	0	0	192	194	292	302	345	351	249	249
24D_B1_F2_4_2016	219	225	180	183	360	363	288	297	372	372	285	288	240	252	192	198	302	302	348	348	249	249
24D_B1_F3_5_2016	219	225	180	183	360	369	276	297	372	372	285	285	240	252	192	192	300	302	348	351	249	249
24D_B1_F4_6_2016	225	225	180	183	360	360	276	285	372	372	285	291	240	252	194	206	302	302	333	345	249	249
24D_B1_F4_7_2016	225	231	180	183	360	360	276	288	372	375	288	288	237	240	192	194	300	302	348	348	249	249
24D_B4_F5_8_2016	219	225	180	183	360	360	285	297	372	372	285	291	237	240	192	194	302	302	345	345	249	270
24D_B4_F5_9_2016	225	225	180	180	348	360	297	297	372	372	285	288	240	252	192	194	302	302	348	348	249	249
24D_B4_F6_10_2016	225	225	180	180	360	360	276	288	372	372	285	285	240	243	194	194	290	302	345	345	249	249
24D_B4_F6_11_2016	225	225	180	180	360	360	288	288	372	372	288	291	240	243	192	194	290	302	348	348	249	249
24D_B4_F7_12_2016	219	225	180	183	345	360	288	297	372	372	285	288	237	240	194	194	302	302	348	348	249	249
24E_B2_F1_1_2016	219	219	180	183	348	360	276	276	372	372	285	285	234	255	192	194	304	304	351	351	267	270
24E_B2_F1_2_2016	219	225	180	183	360	366	276	297	372	372	285	291	231	234	194	194	302	304	348	348	249	249
24E_B3_F1_3_2016	219	219	183	183	360	360	288	288	372	372	285	285	0	0	194	194	304	304	348	348	249	249
24E_B3_F2_4_2016	219	219	180	183	348	348	288	288	372	372	285	285	252	255	194	194	302	302	345	348	270	270
24E_B3_F2_5_2016	219	219	180	183	360	360	288	288	372	372	285	285	243	252	194	194	302	304	333	351	249	249
24E_B3_F2_6_2016	219	225	180	183	360	360	288	291	372	372	285	285	246	252	194	194	294	304	348	348	249	270
27A_B3_F1_1_2016	219	219	180	183	360	360	276	282	372	372	291	291	243	249	194	194	300	302	345	348	249	249
27A_B3_F1_2_2016	219	219	180	183	360	360	276	285	372	375	285	291	240	243	194	198	300	302	348	357	249	249
27A_B3_F1_3_2016	219	225	180	183	360	360	276	285	372	372	285	291	240	243	192	194	302	302	348	354	249	249
27A_B3_F2_4_2016	219	219	180	183	348	360	276	276	372	372	288	291	240	243	194	194	302	302	345	357	249	249
27A_B3_F2_5_2016	219	222	177	180	360	360	276	297	372	375	291	291	240	243	194	194	300	302	348	348	249	249
27A_B3_F3_6_2016	219	219	183	183	360	360	276	288	372	372	288	291	243	255	190	194	302	302	345	357	249	249
27A_B3_F3_7_2016	225	225	180	183	360	360	276	288	372	372	291	291	243	258	194	194	302	302	345	357	249	270
27A_B4_F4_8_2016	219	225	180	183	348	360	276	276	372	372	285	291	240	255	194	194	302	302	348	354	249	249
27A_B4_F4_9_2016	222	225	180	183	348	360	276	285	372	372	285	291	240	243	194	194	302	302	348	354	249	249
27A_B4_F5_10_2016	225	225	180	183	360	360	276	297	372	375	291	291	240	243	194	194	302	302	354	357	249	249
27A_B4_F5_11_2016	219	225	180	183	348	348	297	297	372	372	285	285	243	255	192	194	300	302	342	357	249	249
27B_B2_F1_1_2016	219	225	180	180	357	357	276	276	372	372	291	291	249	252	194	200	302	302	354	372	249	249
27B_B2_F1_2_2016	219	219	180	180	357	357	276	276	372	372	291	291	0	0	198	200	292	302	345	354	249	249
27B_B2_F2_3_2016	225	225	180	180	348	357	282	288	372	372	291	291	243	255	194	198	302	302	345	357	249	249
27B_B2_F2_4_2016	219	225	180	180	348	357	282	288	372	372	291	291	237	240	194	194	302	302	345	372	249	249
27B_B3_F3_5_2016	210	225	180	183	357	360	276	297	372	372	291	291	231	234	194	200	302	302	354	354	249	249
27B_B3_F3_6_2016	225	228	180	183	357	360	282	285	372	372	285	291	237	243	190	194	302	302	333	345	249	249
27B_B3_F3_7_2016	219	228	180	183	357	360	285	285	372	372	285	291	240	246	190	194	302	302	354	357	249	249
27B_B3_F4_8_2016	219	219	180	180	357	357	276	276	372	372	285	291	237	240	190	194	292	302	333	354	249	249
27B_B3_F4_9_2016	219	219	180	180	357	360	276	276	372	372	291	291	246	249	190	194	292	302	345	345	249	249
27B_B3_F5_10_2016	219	225	180	180	357	360	276	297	372	372	291	291	252	255	190	194	302	302	345	345	249	249
27D_B2_F1_1_2016	225	225	180	183	360	360	276	288	372	372	291	291	237	240	194	194	302	302	345	354	249	249
27D_B2_F1_2_2016	225	225	180	180	360	360	288	288	372	372	291	291	240	258	194	208	302	302	345	345	249	249
27D_B2_F1_3_2016	219	225	180	180	348	360	288	297	372	372	291	291	240	255	194	194	302	302	345	357	249	270
27D_B2_F2_4_2016	225	225	180	183	360	360	297	297	372	372	291	291	240	255	194	194	302	302	345	360	249	270
27D_B2_F2_5_2016	219	225	180	183	348	348	297	297	372	372	285	285	240	252	194	208	302	302	345	372	270	270
27D_B2_F3_6_2016	225	225	180	180	360	360	288	288	372	372	285	291	240	258	194	194	302	302	345	345	249	249
27D_B2_F3_7_2016	225	225	180	180	348	357	297	297	372	372	291	291	240	243	194	194	302	302	345	345	249	249
27D_B2_F3_8_2016	225	225	180	183	360	360	288	288	372	372	291	291	240	243	194	194	302	302	345	348	249	249
27E_B2_F1_1_2016	225	225	180	180	360	360	276	276	372	372	288	291	240	243	192	200	302	302	345	345	249	249
27E_B2_F1_2_2016	225	225	180	183	360	360	276	297	372	372	288	288	252	255	192	192	302	302	345	348	249	249
27E_B2_F1_3_2016	225	225	180	180	357	360	276	276	372	372	288	291	240	243	186	194	302	302	345	348	249	249
27E_B2_F2_4_2016	222	225	180	180	360	360	276	297	372	372	291	291	252	255	192	200	302	302	345	348	249	270
27E_B2_F2_5_2016	225	225	180	183	357	360	276	276	372	372	288	291	240	252	192	192	302	302	345	354	249	249
27E_B2_F3_6_2016	225	225	180	180	354	360	276	297	372	372	288	291	243	252	192	192	302	302	345	348	249	270
27E_B4_F4_7_2016	225	225	180	180	0	0	276	276	372	372	288	291	252	252	194	200	302	302	345	348	249	249
27E_B4_F5_8_2016	225	228	180	180	360	360	276	276	372	375	291	291	246	252	194	194	302	302	345	351	249	249
27E_B4_F6_9_2016	225	225	180	183	357	360	276	288	372	372	288	291	249	252	192	206	302	302	330	345	249	249
27E_B4_F7_10_2016	225	225	180	180	360	360	276	297	372	372	285	288	243	252	192	200	302	302	345	354	249	249
27E_B4_F7_11_2016	225	225	180	180	0	0	0	0	372	375	288	288	243	252	194	194	302	302	348	354	249	249
28B_B1_F1_1_2016	225	225	180	183	360	360	288	297	372	372	285	285	240	243	202	204	302	302	345	345	249	249
28B_B1_F1_2_2016	219	225	180	186	360	360	288	288	372	372	285	291	240	246	194	194	302	302	348	348	249	270
28B_B2_F2_3_2016	225	225	180	180	360	360	297	297	372	372	285	291	240	246	202	204	302	302	345	348	249	270
28B_B2_F2_4_2016	219	225	180	183	360	360	288	297	372	372	285	285	237	240	194	194	302	302	345	348	249	249
28B_B2_F2_5_2016	225	225	180	180	360	360	288	288	372	372	285	291	243	246	194	194	302	302	345	348	249	249
28C_B1_F1_1_2016	222	222	180	183	360	360	285	285	372	372	285	285	237	240	194	194	302	302	345	345	249	249
28C_B1_F1_2_2016	219	219	180	183	357	357	285	297	372	372	285	285	240	252	190	194	300	302	345	354	249	249
28C_B1_F1_3_2016	219	222	180	183	357	360	285	288	372	372	291	291	249	252	194	194	302	302	345	348	249	249
28C_B1_F2_4_2016	222	225	180	180	357	357	285	288	372	372	288	288	243	252	194	194	300	302	345	360	249	249
28C_B1_F2_5_2016	222	225	183	183	357	360	285	288	372	372	288	288	249	252	194	194	300	302	345	360	249	249
28C_B2_F3_6_2016	222	225	180	183	357	360	276	285	372	372	285	285	237	240	194	194	300	302	345	354	249	249
28C_B2_F3_7_2016	222	225	180	180	360	360	276	282	372	372	285	285	240	252	194	194	300	302	345	354	249	249
28C_B2_F3_8_2016	219	225	183	183	360	360	276	282	372	372	285	291	237	240	194	194	302	302	345	345	249	249
28C_B2_F4_9_2016	219	225	180	183	357	357	285	288	372	372	288	288	240	255	194	194	292	302	336	345	249	249
28C_B2_F4_10_2016	219	225	180	183	357	360	285	285	372	372	291	291	252	252	194	194	294	302	345	345	249	249
28C_B2_F4_11_2016	222	225	183	183	357	360	285	285	372	372	291	291	249	252	194	206	300	302	345	354	249	249
28D_B5_F1_1_2016	225	225	180	183	342	360	288	291	372	372	291	291	240	255	186	192	302	302	345	348	249	261
28D_B5_F1_2_2016	225	228	183	183	342	342	288	288	372	372	291	291	249	252	190	190	302	302	348	348	249	249
28D_B5_F1_3_2016	225	225	183	183	342	360	276	288	372	372	291	291	252	255	200	202	300	302	348	348	249	249
28D_B5_F2_4_2016	225	225	183	183	357	360	288	288	372	372	291	291	228	252	192	200	302	302	345	363	249	249
28D_B5_F3_5_2016	225	225	180	183	342	348	276	276	372	372	291	291	0	0	194	194	302	302	0	0	249	249
28D_B5_F3_6_2016	228	228	183	183	342	360	276	276	372	372	291	291	0	0	192	202	302	302	0	0	249	249
28D_B5_F4_7_2016	225	225	183	186	360	360	276	288	372	372	291	291	249	252	192	202	302	302	345	354	249	249
28D_B5_F4_8_2016	225	228	180	183	342	357	288	303	372	375	285	291	246	252	192	192	302	302	348	360	249	249
28E_B2_F1_1_2016	225	225	183	183	345	357	288	288	372	372	288	288	0	0	194	194	302	302	333	354	249	249
28E_B2_F1_2_2016	225	225	180	183	345	360	288	288	372	372	288	288	237	240	194	194	292	302	345	345	249	249
28E_B2_F1_3_2016	225	225	183	183	354	357	288	288	372	372	291	291	237	240	194	194	292	302	345	345	249	249
28E_B2_F2_4_2016	225	225	183	183	0	0	288	288	372	372	288	288	240	258	194	194	292	302	345	345	249	249
28E_B2_F2_5_2016	225	225	180	186	357	360	276	288	372	372	288	291	237	240	194	204	292	302	333	345	249	249
28E_B2_F3_6_2016	219	225	180	180	345	360	288	288	372	372	285	291	237	240	194	204	302	302	333	345	249	267
28E_B2_F3_7_2016	225	225	180	183	345	345	276	288	372	372	291	291	240	252	0	0	302	302	0	0	249	249
28E_B2_F4_8_2016	225	225	180	183	0	0	288	288	372	372	288	291	240	255	194	202	292	302	345	348	249	249
28E_B2_F4_9_2016	225	228	183	183	0	0	288	288	372	372	288	288	240	252	194	202	302	302	333	345	249	249
28E_B2_F4_10_2016	225	225	180	183	345	360	276	288	372	372	288	288	240	255	194	194	302	302	333	345	249	249
29A_B2_F1_1_2016	222	225	180	183	360	360	285	297	372	372	291	291	243	243	194	194	302	302	333	357	249	249
29A_B2_F1_2_2016	222	225	183	183	360	360	285	288	372	372	291	291	243	255	194	194	302	302	345	366	249	249
29A_B2_F3_3_2016	219	225	180	183	345	360	285	288	372	372	294	300	0	0	190	194	292	302	345	357	249	249
29A_B3_F4_4_2016	219	222	180	183	360	363	285	288	372	372	291	291	243	252	194	194	302	302	333	333	249	249
29A_B3_F4_5_2016	219	225	180	183	357	357	285	297	372	375	285	291	255	258	194	200	302	302	333	348	249	270
29B_B2_F1_1_2016	222	225	180	180	360	360	285	288	372	372	285	285	249	252	186	194	302	302	348	348	249	249
29B_B2_F1_2_2016	216	225	183	183	357	360	276	285	372	372	285	285	237	240	194	194	302	302	345	345	249	249
29B_B2_F2_3_2016	216	225	180	183	357	360	276	288	372	375	285	285	249	252	194	202	300	302	348	351	249	249
29B_B2_F2_4_2016	216	225	180	183	360	360	276	288	372	372	285	285	249	252	194	194	302	302	348	348	249	249
29B_B2_F3_5_2016	225	225	183	183	345	360	276	285	372	372	285	291	240	243	194	196	290	302	348	354	249	249
29B_B2_F3_6_2016	216	225	180	180	348	360	285	288	372	372	285	285	240	255	194	194	300	302	348	354	249	249
29B_B3_F4_7_2016	216	225	180	183	348	360	276	288	372	372	285	291	249	255	190	194	302	302	348	351	249	249
29B_B3_F4_8_2016	225	225	180	183	348	360	276	288	372	372	285	291	249	252	190	194	300	302	345	351	249	249
29B_B3_F4_9_2016	225	225	180	183	360	360	276	276	372	372	285	285	0	0	194	194	302	302	345	348	249	249
29B_B3_F5_10_2016	216	219	180	183	345	360	276	297	372	372	285	285	240	243	194	194	302	302	348	354	249	249
29B_B3_F5_11_2016	225	225	180	180	360	360	288	297	372	372	285	291	249	252	194	194	302	302	345	345	249	249
29C_B1_F1_1_2016	216	225	180	180	360	360	288	288	372	372	285	288	249	252	194	194	302	302	345	357	249	249
29C_B1_F1_2_2016	219	225	180	180	357	360	276	288	372	372	285	285	249	252	194	200	302	302	345	345	249	249
29C_B1_F1_3_2016	219	225	180	180	354	360	288	288	372	372	285	285	249	252	194	200	302	302	345	345	249	249
29C_B1_F2_4_2016	219	222	180	183	360	360	288	288	372	372	285	285	249	252	194	194	292	302	345	357	249	249
29C_B1_F2_5_2016	219	225	180	183	360	360	285	288	372	375	285	291	249	252	194	194	302	306	345	345	249	270
29C_B1_F3_6_2016	219	225	180	180	357	360	276	288	372	372	285	285	249	255	194	194	300	302	345	345	249	249
29C_B1_F3_7_2016	219	225	180	180	0	0	0	0	372	372	285	285	249	252	194	194	302	302	345	345	249	249
29C_B1_F3_8_2016	219	225	180	183	357	360	276	288	372	372	285	285	252	255	194	194	302	302	345	345	249	249
29C_B3_F4_9_2016	216	222	180	183	360	360	288	288	372	372	285	285	249	255	194	194	302	306	345	345	249	249
29C_B3_F4_10_2016	216	225	180	180	360	360	288	300	372	372	285	285	240	252	194	194	302	302	345	354	249	249
29C_B3_F4_11_2016	216	219	180	183	360	360	288	288	372	372	285	285	249	252	194	194	302	302	345	345	249	249
29D_B1_F1_1_2016	219	225	180	180	360	360	288	297	372	372	294	300	249	255	198	200	302	302	345	354	249	249
29D_B1_F1_2_2016	225	225	180	180	348	360	276	297	372	372	288	291	249	252	194	194	302	302	345	345	249	249
29D_B1_F1_3_2016	225	225	180	183	348	360	276	288	372	372	285	291	240	252	194	198	302	302	345	354	249	249
29D_B1_F2_4_2016	225	225	180	180	360	360	288	297	372	372	291	291	240	252	0	0	298	302	345	348	249	249
29D_B1_F2_5_2016	225	225	180	180	357	360	276	297	372	372	291	291	249	252	190	194	302	302	342	345	249	249
29D_B3_F3_6_2016	225	225	180	183	360	360	285	288	372	372	0	0	0	0	194	194	302	302	345	348	249	249
29D_B3_F3_7_2016	225	225	180	183	360	360	288	297	372	372	300	300	249	255	194	198	302	302	345	351	249	270
29D_B3_F3_8_2016	225	225	180	180	360	360	288	297	372	375	285	291	249	252	194	194	302	302	345	345	249	249
29D_B3_F4_9_2016	225	225	180	180	360	360	276	288	372	372	285	291	234	249	190	198	302	302	345	357	249	249
29D_B3_F4_10_2016	225	225	180	180	360	360	276	288	372	372	285	291	252	255	194	198	302	302	345	345	249	249
29E_B4_F1_1_2016	219	225	183	183	354	354	288	300	372	372	291	291	240	252	194	200	302	302	333	342	249	249
29E_B5_F2_2_2016	219	225	183	183	348	354	276	300	372	372	285	285	240	243	190	200	302	302	348	351	249	249
29E_B5_F2_3_2016	219	225	180	183	348	360	276	288	372	372	291	291	243	243	206	206	302	302	333	354	249	249
29E_B5_F2_4_2016	225	225	180	183	354	354	288	300	372	372	291	291	243	252	194	194	302	302	345	345	249	249
29E_B5_F3_5_2016	219	222	183	183	354	357	297	300	372	372	291	291	240	252	194	204	302	302	333	345	249	249
29E_B5_F3_6_2016	225	225	180	183	348	360	276	297	372	375	285	291	243	252	192	200	302	302	333	360	249	270
29E_B5_F3_7_2016	219	225	183	183	348	357	276	276	372	372	285	285	240	243	194	202	302	302	333	345	249	249
29E_B5_F4_8_2016	219	219	183	183	345	354	288	300	372	372	291	291	240	243	194	194	302	302	333	357	249	249
29E_B5_F4_9_2016	219	225	180	183	348	360	276	288	372	372	285	291	240	243	194	194	302	302	348	348	249	249
29E_B5_F4_10_2016	225	225	180	180	0	0	0	0	372	372	285	285	240	243	194	200	302	302	348	360	249	249
31A_B2_F1_1_2016	219	225	180	183	357	357	285	285	372	372	285	291	243	255	186	194	300	302	342	357	249	249
31A_B2_F1_2_2016	219	222	180	180	360	366	276	285	372	372	285	291	243	255	198	200	302	302	345	357	249	249
31A_B2_F1_3_2016	0	0	183	183	345	345	276	297	372	372	285	291	240	243	194	200	302	302	348	348	249	270
31A_B2_F2_4_2016	219	219	180	180	360	360	279	285	372	372	291	291	240	240	186	186	302	302	354	357	249	249
31A_B2_F3_5_2016	219	219	180	180	360	360	285	312	372	372	285	285	252	255	200	200	302	302	357	357	249	270
31A_B2_F3_6_2016	219	219	180	180	360	360	0	0	372	372	285	285	240	255	0	0	302	302	357	357	249	270
31A_B2_F3_7_2016	219	225	183	183	360	360	276	276	372	372	0	0	252	255	186	186	302	302	357	357	249	249
31A_B3_F4_8_2016	219	225	180	180	360	360	285	285	372	372	285	285	237	240	200	200	294	302	348	348	249	249
31A_B3_F5_9_2016	219	225	180	180	360	360	276	288	372	372	285	285	240	255	194	200	302	302	348	357	249	249
31A_B3_F6_10_2016	219	225	177	180	357	357	285	288	372	372	285	285	252	255	200	200	302	302	348	348	249	249
31A_B3_F7_11_2016	219	225	180	183	357	360	276	285	372	372	0	0	252	255	186	186	302	302	348	348	249	249
31A_B3_F8_12_2016	219	225	180	183	357	360	285	297	372	372	285	291	252	255	198	200	302	302	348	348	249	249
31A_B3_F9_13_2016	219	225	180	180	360	360	276	285	372	372	285	291	246	249	190	200	302	302	0	0	249	249
31B_B3_F1_1_2016	219	225	180	180	348	360	279	288	372	372	285	285	237	240	186	200	302	302	336	345	249	249
31B_B3_F1_2_2016	219	219	180	180	345	360	279	279	366	366	285	285	240	243	188	200	302	302	345	357	249	249
31B_B4_F2_3_2016	219	225	180	180	357	360	279	297	372	372	285	288	240	243	200	200	302	302	345	354	249	249
31B_B4_F2_4_2016	219	225	180	183	357	357	279	279	369	372	285	285	240	240	190	200	302	304	345	354	249	249
31B_B4_F2_5_2016	219	225	180	180	357	360	279	288	372	372	285	285	240	240	188	200	302	302	357	357	249	249
31B_B4_F3_6_2016	219	219	180	180	357	360	279	288	366	372	285	285	237	240	0	0	302	302	345	345	249	249
31B_B4_F3_7_2016	225	225	180	180	357	357	279	288	372	372	285	285	231	234	0	0	304	304	345	348	249	249
31B_B4_F3_8_2016	0	0	180	180	357	357	285	300	372	372	285	285	237	240	190	200	294	304	345	345	249	249
31B_B4_F4_9_2016	219	219	180	180	360	360	279	279	366	372	285	285	234	237	194	194	302	304	357	357	249	249
31B_B4_F4_10_2016	219	225	180	183	357	360	288	291	372	375	285	288	234	240	190	200	302	304	348	357	249	249
31B_B4_F5_11_2016	219	225	180	183	357	360	279	294	372	372	285	285	237	240	198	200	302	302	345	357	249	249
31D_B1_F1_1_2016	225	225	180	183	348	348	0	0	372	372	288	291	0	0	192	194	302	302	354	372	249	270
31D_B4_F2_2_2016	225	225	180	180	357	357	282	288	372	372	285	291	237	240	192	192	302	302	372	372	249	249
31D_B4_F2_3_2016	219	225	180	180	360	360	288	288	372	372	285	285	249	252	192	200	302	304	0	0	249	249
31D_B4_F2_4_2016	219	225	180	180	357	357	282	288	372	372	285	291	240	243	192	194	302	308	333	345	249	249
31D_B4_F3_5_2016	219	222	180	180	345	357	285	288	372	372	300	300	240	255	192	204	302	302	357	372	249	249
31D_B4_F3_6_2016	219	225	180	180	360	360	276	288	372	372	291	291	237	240	190	200	302	302	351	372	249	249
31D_B4_F3_7_2016	219	225	180	180	357	360	288	288	372	372	285	291	237	240	190	190	302	302	345	372	249	249
31D_B4_F4_8_2016	219	225	180	183	357	363	288	288	372	372	285	285	240	252	192	198	302	302	348	372	249	255
31D_B4_F4_9_2016	219	222	180	180	348	357	288	288	372	372	285	285	237	240	192	200	302	302	354	372	249	249
31D_B4_F4_10_2016	219	225	180	180	360	360	300	300	372	372	285	291	234	240	192	200	300	302	345	348	249	249
31D_B4_F5_11_2016	225	225	180	180	357	360	285	288	372	372	291	291	0	0	190	190	302	302	345	372	249	249
31D_B4_F6_12_2016	225	225	180	183	348	354	285	288	372	375	285	291	240	240	190	190	302	302	345	372	249	249
31D_B4_F7_13_2016	219	225	180	183	345	357	285	288	372	372	285	291	240	249	190	190	302	302	345	345	249	249
31D_B4_F8_14_2016	219	225	180	180	348	360	285	288	372	372	285	285	249	252	190	194	302	302	345	345	249	249
31E_B1_F1_1_2016	219	225	180	180	345	363	279	294	372	372	288	288	240	243	194	202	302	302	345	345	249	249
31E_B1_F1_2_2016	225	225	180	183	345	348	276	288	372	372	285	285	237	243	200	202	302	302	345	345	249	249
31E_B1_F1_3_2016	222	225	180	183	345	348	279	288	372	372	285	285	237	240	198	200	302	302	345	354	249	249
31E_B1_F2_4_2016	225	225	180	180	345	357	279	288	372	372	285	285	240	243	200	202	302	302	345	354	249	249
31E_B1_F2_5_2016	225	225	180	180	345	360	279	288	372	375	285	285	237	240	194	202	302	302	345	345	249	255
31E_B1_F2_6_2016	225	225	180	183	357	360	276	288	372	372	288	291	234	237	190	202	302	302	345	354	249	249
31E_B1_F3_7_2016	225	225	183	183	360	360	276	276	372	372	288	291	237	249	200	202	302	302	345	345	249	249
31E_B1_F3_8_2016	219	225	180	180	360	360	279	288	372	372	291	291	237	252	194	202	300	302	345	345	249	249
31E_B1_F4_9_2016	225	225	180	180	351	360	279	288	372	372	288	288	234	240	190	202	302	302	345	345	249	249
31E_B1_F4_10_2016	225	225	180	180	351	360	276	288	372	372	291	291	237	255	190	200	302	302	345	348	249	249
31E_B1_F5_11_2016	225	225	180	183	0	0	288	300	372	372	288	288	240	252	190	200	302	302	345	372	249	249
31E_B1_F6_12_2016	225	225	180	183	348	360	276	276	372	372	288	288	240	240	190	190	302	302	345	345	249	249
31E_B1_F7_13_2016	219	225	180	183	348	360	285	288	372	372	288	288	0	0	0	0	302	302	345	345	249	249
32A_B5_F1_1_2016	219	219	180	180	357	360	276	288	372	372	285	285	237	240	190	194	302	302	345	354	249	249
32A_B5_F1_2_2016	219	225	180	180	357	360	276	288	372	372	285	285	240	255	190	200	302	304	345	354	249	249
32A_B5_F2_3_2016	219	225	180	180	357	357	276	291	372	372	285	291	240	255	190	208	302	304	348	354	249	249
32A_B5_F3_4_2016	219	225	180	180	357	357	276	276	372	372	285	285	240	252	190	194	302	302	354	354	249	249
32A_B5_F4_5_2016	219	222	180	183	357	360	276	291	372	372	285	285	240	255	194	204	302	302	345	354	249	270
32A_B5_F5_6_2016	219	225	180	183	357	357	276	276	372	372	285	285	237	252	190	190	302	302	354	354	249	249
32A_B6_F6_7_2016	219	225	180	183	357	360	276	288	372	372	285	285	252	255	190	194	302	302	345	345	249	270
32A_B6_F7_8_2016	219	225	180	183	348	357	276	297	372	372	285	285	240	258	186	190	302	302	348	354	249	249
32A_B6_F8_9_2016	219	225	180	180	357	357	276	276	372	372	285	285	237	240	194	194	302	302	342	345	249	249
32A_B6_F9_10_2016	225	225	180	183	357	360	285	288	372	372	285	285	249	252	190	190	302	302	345	354	249	249
32A_B6_F10_11_2016	219	219	180	183	351	357	288	297	372	372	285	291	225	252	190	190	302	302	345	345	249	249
32A_B6_F11_12_2016	225	225	180	183	357	360	285	288	372	372	285	285	237	240	190	190	302	302	0	0	249	249
32B_B2_F1_1_2016	225	225	180	183	348	360	276	303	372	372	285	291	240	252	190	194	302	302	342	345	249	249
32B_B4_F2_2_2016	219	225	180	183	348	354	276	291	372	375	285	288	240	252	190	194	300	302	345	345	249	249
32B_B4_F2_3_2016	219	225	180	183	348	354	276	291	372	375	285	291	240	255	190	194	302	302	345	345	249	249
32B_B4_F2_4_2016	225	225	183	183	354	360	285	288	372	372	285	291	237	255	190	194	302	302	345	345	249	270
32B_B4_F3_5_2016	219	225	183	183	348	357	276	285	372	372	285	285	240	243	190	200	302	302	345	345	249	249
32B_B4_F3_6_2016	225	225	183	183	348	360	285	288	372	372	285	291	240	252	190	194	302	302	345	345	249	249
32B_B4_F4_7_2016	216	225	180	183	354	354	276	288	372	372	285	291	237	255	190	194	302	302	345	351	249	249
32B_B4_F4_8_2016	225	225	180	183	348	348	285	288	372	372	285	285	240	252	190	210	302	302	345	345	249	255
32B_B4_F4_9_2016	219	225	180	183	342	348	285	288	372	372	285	291	237	255	190	190	302	304	345	357	249	249
32B_B4_F5_10_2016	225	225	183	183	348	360	285	297	372	372	285	285	237	240	190	200	300	302	345	354	249	249
32B_B4_F5_11_2016	219	225	180	183	342	354	285	288	372	372	285	291	234	240	190	190	302	304	345	351	249	249
32B_B4_F6_12_2016	219	225	180	183	348	357	285	285	372	372	285	285	237	240	190	190	302	302	345	345	249	249
32C_B1_F1_1_2016	219	225	180	183	348	357	291	297	372	372	288	288	240	255	190	204	302	302	345	354	249	249
32C_B1_F1_2_2016	225	225	180	183	348	360	297	303	372	375	288	291	240	243	190	210	292	302	342	357	249	249
32C_B1_F2_3_2016	219	225	180	183	360	360	285	303	372	372	285	285	240	252	192	204	302	302	342	345	249	249
32C_B1_F2_4_2016	219	225	180	180	345	360	279	303	372	372	285	288	243	255	192	210	302	302	342	345	249	249
32C_B1_F3_5_2016	225	225	180	183	360	360	276	303	372	372	288	291	240	243	208	210	292	302	345	357	249	249
32C_B2_F4_6_2016	216	225	180	180	348	360	291	297	372	372	285	285	243	252	204	210	292	302	345	351	249	249
32C_B2_F4_7_2016	225	225	177	180	354	360	288	291	372	372	285	285	240	243	186	204	292	302	345	345	249	249
32C_B2_F5_8_2016	219	225	180	183	357	360	285	303	372	372	285	285	252	255	194	204	300	302	345	348	249	249
32C_B2_F6_9_2016	219	225	180	189	360	360	282	303	372	372	285	288	243	255	194	210	302	302	342	348	249	270
32C_B2_F7_10_2016	225	225	180	183	360	360	303	303	372	372	285	285	243	255	204	210	292	292	342	342	249	249
32C_B1_F4_11_2016	225	225	180	183	348	357	285	288	372	372	285	288	0	0	190	204	302	302	342	345	249	249
32C_B1_F5_12_2016	225	225	180	183	357	360	285	288	372	372	285	288	0	0	204	210	302	302	0	0	249	249
32D_B1_F1_1_2016	219	225	180	183	360	360	288	291	372	372	285	291	234	243	190	194	302	304	348	357	249	249
32D_B1_F2_2_2016	219	225	180	180	354	360	297	297	372	372	291	291	234	252	186	190	300	302	348	348	249	249
32D_B1_F2_3_2016	219	225	180	180	354	360	276	297	372	375	291	291	234	255	190	190	302	302	348	348	249	249
32D_B1_F2_4_2016	219	219	180	180	348	360	276	288	372	372	285	285	240	243	194	200	302	304	345	348	249	249
32D_B2_F3_5_2016	219	225	180	183	357	360	288	297	372	372	285	285	234	255	200	210	302	304	348	351	249	249
32D_B2_F3_6_2016	219	219	180	180	0	0	285	288	372	372	285	285	240	243	190	194	302	304	345	348	249	249
32D_B2_F4_7_2016	219	219	180	183	357	360	288	288	372	375	285	285	243	252	198	200	302	302	348	348	249	249
32D_B2_F4_8_2016	210	219	180	180	360	360	276	288	372	375	285	285	237	243	198	200	302	304	345	348	249	270
32D_B2_F5_9_2016	219	225	180	180	354	360	285	288	372	375	291	291	234	243	190	190	302	304	345	348	249	249
32D_B2_F6_10_2016	219	225	180	183	360	360	276	297	372	375	285	291	237	243	186	200	302	304	348	357	249	249
32E_B4_F1_1_2016	225	225	180	183	357	360	276	288	372	372	291	291	237	243	202	204	302	308	345	345	249	270
32E_B4_F1_2_2016	225	225	180	180	357	357	285	297	372	372	291	291	243	252	194	204	304	304	345	348	249	249
32E_B4_F2_3_2016	219	225	180	180	357	357	285	288	372	372	291	291	252	255	192	204	302	304	342	345	249	249
32E_B4_F2_4_2016	219	225	180	183	357	360	285	288	372	372	285	285	240	243	194	194	302	304	348	354	249	249
32E_B4_F3_5_2016	219	225	180	183	357	357	285	288	372	372	291	291	0	0	194	194	302	302	0	0	249	249
32E_B4_F3_6_2016	219	225	180	183	348	360	285	297	372	372	291	291	243	252	0	0	302	302	348	357	249	249
32E_B5_F4_7_2016	225	225	180	183	357	357	276	297	372	372	291	291	243	246	194	204	302	302	348	351	249	270
32E_B5_F4_8_2016	225	225	180	183	357	360	285	297	372	372	285	291	234	252	194	204	302	304	348	351	249	270
32E_B5_F5_9_2016	225	225	180	183	357	357	276	279	372	372	285	291	234	252	190	204	302	302	348	354	249	249
32E_B5_F5_10_2016	225	225	180	180	357	360	285	288	372	372	285	291	240	243	194	204	302	302	345	345	249	249
32E_B5_F5_11_2016	216	225	180	180	348	357	285	288	372	372	291	291	243	255	194	204	302	302	348	351	249	249
32E_B4_F4_12_2016	225	225	180	180	357	357	285	285	372	372	285	291	0	0	194	204	302	304	345	348	249	249
32E_B4_F5_13_2016	225	225	180	183	357	363	285	288	372	372	285	285	249	252	194	204	302	302	345	345	249	249
32E_B5_F6_14_2016	219	225	180	183	357	357	276	291	372	372	285	285	0	0	194	194	302	302	345	345	249	249
35C_B2_F2_1_2016	225	225	183	186	360	360	276	285	372	375	285	291	249	252	190	210	302	302	348	348	249	249
35C_B2_F3_2_2016	222	225	183	186	357	360	300	300	372	375	291	291	240	252	190	210	292	302	330	342	249	270
35C_B2_F3_3_2016	222	225	183	183	360	360	297	297	372	375	285	291	240	252	190	194	292	302	330	348	255	270
35C_B2_F4_4_2016	219	222	180	186	348	360	288	297	372	375	285	285	234	252	194	210	302	304	348	351	249	249
35C_B2_F5_5_2016	225	225	183	183	357	360	285	297	372	375	291	291	0	0	190	192	302	302	348	348	249	249
35C_B2_F6_6_2016	219	225	183	186	348	360	276	285	372	372	285	291	246	252	190	190	302	302	342	357	249	255
35C_B7_F7_7_2016	222	225	183	183	360	360	297	297	372	372	285	291	0	0	190	210	302	302	342	342	249	249
35C_B7_F8_8_2016	222	225	180	183	360	360	276	285	366	375	285	285	234	255	190	194	300	302	336	348	249	249
35C_B7_F9_9_2016	222	222	186	186	360	360	285	285	375	375	285	291	252	255	190	210	302	302	0	0	249	249
35C_B7_F9_10_2016	222	222	180	183	360	360	285	297	372	372	291	291	249	255	190	190	302	302	348	348	249	249
35D_B2_F1_1_2016	219	225	180	183	357	357	285	285	372	372	285	291	246	255	190	210	302	302	342	348	249	249
35D_B2_F1_2_2016	210	210	180	180	348	360	285	297	372	372	0	0	240	255	190	202	294	302	342	351	249	249
35D_B2_F1_3_2016	219	225	183	183	348	348	288	297	372	372	291	291	249	252	190	190	302	302	357	363	249	249
35D_B2_F2_4_2016	210	225	180	183	348	348	285	288	372	372	285	291	249	255	194	200	294	302	342	342	249	249
35D_B2_F2_5_2016	222	225	180	183	357	357	285	288	372	372	291	291	252	255	190	190	302	302	0	0	249	255
35D_B2_F2_6_2016	210	225	180	180	348	360	276	285	372	372	291	291	252	261	190	202	302	304	351	351	249	249
35D_B2_F3_7_2016	225	225	180	183	360	360	297	297	372	372	0	0	249	252	190	198	302	304	351	363	249	255
35D_B2_F3_8_2016	219	225	180	183	354	360	285	297	372	372	291	291	252	252	190	190	294	294	342	348	249	249
35D_B2_F3_9_2016	225	225	183	183	345	360	285	297	372	372	291	291	237	252	190	190	302	304	363	363	255	255
35D_B2_F4_10_2016	219	225	180	183	348	360	285	285	372	375	285	291	249	252	190	194	302	304	345	351	249	249
35D_B2_F4_11_2016	219	225	180	180	348	360	285	285	372	375	285	291	249	252	190	206	294	302	342	354	249	249
35D_B4_F5_12_2016	225	225	180	183	345	360	285	297	372	372	291	291	237	252	190	190	302	302	354	363	249	249
35D_B4_F5_13_2016	225	225	183	183	360	360	285	285	372	372	291	291	252	255	190	190	302	302	363	363	255	255
35D_B4_F5_14_2016	225	225	0	0	360	360	297	297	372	372	291	291	234	237	194	194	300	302	342	363	249	255
35D_B4_F6_15_2016	225	225	180	183	345	360	297	297	372	372	291	291	237	249	190	192	302	302	351	363	249	255
35D_B4_F6_16_2016	225	225	180	183	357	357	276	285	372	372	291	291	237	249	194	200	302	304	363	363	249	249
35D_B4_F7_17_2016	219	222	180	183	348	360	285	297	372	372	285	291	240	255	194	194	294	302	351	354	249	249
35D_B4_F7_18_2016	210	225	180	180	348	360	285	288	372	372	285	285	231	234	194	194	302	304	342	345	249	249
35D_B4_F7_19_2016	219	225	180	183	348	360	285	288	372	375	285	285	249	252	190	190	302	304	336	351	249	249
36A_B1_F1_1_2016	219	225	183	183	348	348	276	276	372	372	291	291	237	240	194	194	302	302	345	345	249	249
36A_B1_F1_2_2016	225	225	183	183	360	360	288	297	372	375	291	291	237	240	194	194	302	304	342	342	249	249
36A_B1_F1_3_2016	225	225	183	183	348	357	276	312	372	372	285	285	237	240	194	194	302	304	342	351	249	249
36A_B1_F2_4_2016	225	225	180	183	360	360	276	276	372	372	291	291	234	255	192	208	302	302	345	348	249	255
36A_B1_F2_5_2016	222	225	180	183	360	360	276	276	372	375	285	285	240	255	194	194	302	302	342	345	249	249
36B_B4_F1_1_2016	222	225	180	180	348	348	288	288	372	372	288	288	0	0	194	204	302	302	345	345	249	249
36B_B4_F1_2_2016	225	225	180	180	357	357	0	0	372	372	285	285	240	240	194	194	302	302	0	0	249	249
36B_B4_F1_3_2016	225	225	180	180	357	360	276	288	372	372	285	288	240	252	194	194	302	302	348	351	267	267
36B_B4_F2_4_2016	225	225	180	180	357	360	288	288	372	372	285	285	240	240	194	194	302	302	342	345	246	249
36B_B4_F2_5_2016	225	225	180	180	357	360	276	288	372	372	285	285	243	252	194	194	302	302	342	345	249	267
36B_B4_F3_6_2016	225	225	180	180	348	360	288	288	372	375	285	285	237	240	190	194	302	302	345	345	249	249
36B_B4_F3_7_2016	225	225	180	183	357	357	276	276	372	372	0	0	252	255	194	202	302	302	345	345	249	249
36B_B6_F4_8_2016	225	225	180	180	348	357	276	288	372	372	0	0	237	240	194	194	302	302	351	351	249	249
36B_B6_F4_9_2016	225	225	180	180	357	360	276	288	372	372	285	285	228	252	194	194	302	302	348	351	249	249
36B_B6_F5_10_2016	225	225	180	180	348	348	276	288	372	372	285	285	240	255	194	194	302	302	345	345	267	267
36B_B6_F5_11_2016	225	225	180	183	357	360	276	288	372	372	285	291	249	252	194	198	302	302	351	351	249	255
36B_B6_F6_12_2016	225	225	180	183	348	354	285	288	372	372	285	285	240	252	194	194	302	302	345	345	249	249
36C_B2_F1_1_2016	225	225	180	183	360	360	288	288	372	372	291	291	243	255	194	198	302	302	342	342	249	249
36C_B2_F1_2_2016	219	225	177	183	360	360	288	288	372	372	285	291	255	258	194	194	302	302	351	351	249	249
36C_B2_F1_3_2016	225	225	180	183	360	360	276	288	372	372	291	291	0	0	194	194	302	302	345	351	249	249
36C_B2_F2_4_2016	225	225	180	180	357	360	276	288	366	372	291	291	237	258	194	198	292	306	351	354	249	249
36C_B2_F2_5_2016	225	225	180	183	360	360	285	288	372	372	291	291	252	258	194	194	302	302	351	351	249	249
36C_B3_F3_6_2016	225	225	183	183	360	360	0	0	372	372	285	285	228	258	194	194	302	302	348	348	249	249
36C_B3_F4_7_2016	225	225	180	183	360	360	288	288	372	372	285	291	252	258	194	194	306	306	345	345	249	267
36C_B3_F4_8_2016	225	225	180	180	360	360	288	288	372	372	291	291	249	252	194	194	302	302	357	357	249	249
36C_B3_F4_9_2016	225	225	180	180	348	360	288	288	372	372	285	291	255	258	194	194	302	302	345	348	249	249
36C_B3_F5_10_2016	225	225	180	180	0	0	288	288	372	372	291	291	0	0	194	194	302	302	345	351	249	249
36C_B3_F5_11_2016	225	225	180	180	0	0	288	288	372	372	285	285	0	0	194	194	302	302	351	351	249	249
36E_B1_F1_1_2016	219	225	180	180	357	357	285	288	372	372	285	291	0	0	190	194	302	302	0	0	249	249
36E_B1_F2_2_2016	219	219	180	180	360	360	276	276	372	372	285	285	0	0	194	194	302	302	327	327	249	249
36E_B1_F2_3_2016	219	222	180	180	348	360	285	285	372	375	291	291	243	246	190	200	302	302	348	360	255	267
36E_B1_F3_4_2016	219	219	180	183	357	357	285	285	372	372	291	291	0	0	194	194	302	302	345	348	249	249
36E_B1_F3_5_2016	219	225	180	180	360	360	276	285	369	372	285	291	243	255	194	202	302	302	345	345	249	249
36E_B1_F4_6_2016	219	219	180	183	354	360	276	276	372	372	291	291	243	243	194	194	302	302	342	348	249	249
36E_B4_F5_7_2016	219	225	180	180	348	360	285	288	372	372	288	291	240	249	190	202	302	302	345	345	267	267
36E_B4_F6_8_2016	225	225	180	183	357	360	276	285	369	372	285	291	237	243	194	194	302	302	345	345	249	267
36E_B4_F7_9_2016	225	225	180	180	360	360	285	285	372	375	285	285	243	246	194	200	302	302	0	0	267	267
36E_B4_F7_10_2016	219	219	180	183	360	360	276	285	372	372	285	285	0	0	194	194	302	302	345	345	249	249
36E_B4_F7_11_2016	225	225	180	180	357	360	276	297	372	372	291	291	237	243	190	194	302	302	354	354	249	267
36E_B4_F8_12_2016	219	225	180	183	348	354	285	285	372	372	285	291	243	243	190	194	302	302	345	345	249	249
36E_B4_F9_13_2016	225	225	180	183	357	360	276	285	372	372	291	291	0	0	194	194	302	302	345	345	249	249
39B_B2_F1_1_2016	225	225	180	180	360	360	285	285	372	372	285	285	243	249	190	190	302	302	348	357	249	249
39B_B2_F1_2_2016	225	225	180	180	360	363	285	285	372	372	285	288	240	249	190	190	302	302	342	357	249	249
39B_B2_F1_3_2016	219	225	180	183	360	360	276	285	369	372	285	285	243	249	186	186	302	302	345	348	249	249
39B_B2_F2_4_2016	225	225	180	180	357	360	285	297	372	372	285	288	246	252	190	194	302	302	345	348	249	270
39B_B2_F2_5_2016	225	225	180	183	357	363	285	285	372	372	285	285	240	252	190	190	302	302	345	348	249	249
39B_B2_F2_6_2016	225	225	180	180	363	363	285	297	372	372	285	285	240	252	190	190	302	306	345	348	249	249
39B_B2_F3_7_2016	225	225	180	183	357	363	285	285	372	372	285	291	234	246	190	194	302	302	333	357	249	249
39B_B2_F3_8_2016	219	225	180	180	363	363	285	297	372	372	288	291	237	240	190	200	302	302	348	357	249	249
39B_B2_F4_9_2016	225	225	180	180	363	363	282	288	366	372	288	288	237	240	190	206	302	302	345	357	249	249
39B_B2_F4_10_2016	225	225	183	183	360	360	285	285	372	372	288	288	243	246	190	190	302	302	345	345	249	249
39B_B2_F5_11_2016	225	225	180	183	360	360	285	285	372	372	288	288	240	246	190	190	300	302	345	357	249	249
39C_B2_F1_1_2016	225	225	180	183	357	360	285	288	372	372	288	288	240	252	192	194	302	302	342	348	249	249
39C_B2_F1_2_2016	225	225	180	183	360	360	285	288	372	372	288	291	240	252	192	192	302	302	342	345	249	249
39C_B2_F2_3_2016	225	225	180	180	354	357	285	288	372	372	288	291	237	240	192	194	302	302	345	345	249	249
39C_B4_F3_4_2016	225	225	180	189	354	357	288	288	372	372	288	291	249	252	200	200	302	302	345	345	249	249
39C_B4_F3_5_2016	225	225	180	183	354	360	288	288	372	372	288	291	249	252	194	194	302	302	345	345	249	249
39C_B4_F4_6_2016	225	225	180	183	354	354	288	288	372	372	288	291	0	0	192	194	302	302	345	348	249	249
39C_B4_F4_7_2016	225	225	183	183	354	357	288	288	372	372	288	291	249	252	192	194	302	302	345	345	249	249
39C_B4_F5_8_2016	225	225	180	183	354	354	288	288	372	372	288	291	240	240	0	0	302	302	0	0	249	249
39C_B4_F5_9_2016	225	225	180	183	360	360	285	297	372	372	285	285	240	252	198	200	302	302	333	342	249	249
39C_B4_F6_10_2016	225	225	180	180	348	348	285	285	372	372	288	288	240	240	194	200	302	302	345	345	249	249
39C_B4_F6_11_2016	225	225	183	183	360	360	285	285	372	372	288	291	228	252	192	194	302	302	342	357	249	249
39C_B2_F3_12_2016	219	225	180	183	360	363	288	288	372	372	288	291	240	240	194	200	302	302	342	345	249	249
39C_B2_F4_13_2016	225	225	180	183	345	354	288	288	372	372	288	291	246	252	198	200	302	302	342	342	249	249
39C_B2_F5_14_2016	219	225	180	180	360	363	285	288	372	372	288	291	240	240	192	194	302	302	345	345	249	249
39C_B4_F7_15_2016	225	225	180	183	354	357	285	288	372	372	288	288	240	249	190	200	302	302	345	345	249	249
39C_B4_F8_16_2016	219	225	180	183	354	357	288	297	372	372	288	288	240	246	194	200	302	302	345	348	249	249
39C_B4_F9_17_2016	225	225	180	183	354	357	285	288	372	372	288	291	243	252	194	200	302	302	345	345	249	249
39C_B4_F10_18_2016	225	225	180	180	354	363	285	285	372	372	288	291	240	240	200	200	302	302	345	345	249	249
39C_B4_F11_19_2016	225	225	180	180	354	357	288	288	372	372	288	288	240	240	200	200	302	302	345	345	249	249
39C_B4_F12_20_2016	219	225	180	183	357	360	288	288	372	372	288	291	237	240	192	194	302	302	345	357	249	249
39C_B4_F13_21_2016	225	225	180	183	354	357	288	297	372	372	288	291	240	240	192	194	302	302	345	345	249	249
40A_B5_F1_1_2016	222	225	180	180	360	360	288	300	372	372	291	291	0	0	200	200	302	302	345	345	249	249
40A_B5_F1_2_2016	222	225	180	180	363	363	285	288	372	372	291	294	243	246	194	200	302	302	348	348	249	267
40A_B5_F1_3_2016	222	225	180	183	357	363	288	297	372	372	291	291	240	252	186	200	302	302	345	348	249	267
40A_B5_F2_4_2016	222	225	180	183	357	363	288	288	372	375	285	285	243	243	194	200	302	302	345	345	249	249
40A_B5_F2_5_2016	222	222	180	183	357	363	288	288	372	375	285	285	237	240	200	200	302	302	345	345	249	249
40A_B7_F3_6_2016	222	222	180	180	363	363	288	288	372	372	285	291	243	246	206	206	302	302	348	348	249	249
40A_B7_F4_7_2016	222	225	180	180	345	363	288	288	375	375	288	291	243	243	206	206	302	302	345	357	249	249
40A_B7_F4_8_2016	222	222	180	183	360	363	288	288	372	372	291	291	243	246	0	0	302	302	345	345	249	249
40A_B7_F4_9_2016	225	225	180	180	363	363	273	288	372	372	285	285	237	240	0	0	302	302	348	354	249	249
40A_B7_F5_10_2016	225	225	180	180	360	360	288	288	372	372	0	0	240	240	194	206	302	302	351	351	249	249
40A_B7_F5_11_2016	225	225	180	180	360	360	288	288	372	372	291	291	0	0	198	200	302	302	345	345	249	249
40A_B7_F6_12_2016	219	225	180	183	357	363	285	288	372	372	285	285	243	243	200	200	302	302	345	345	249	249
40A_B7_F7_13_2016	219	225	180	183	354	363	285	288	372	372	291	291	243	246	200	200	302	302	348	348	249	249
40A_B7_F8_14_2016	225	225	180	183	363	363	285	288	372	372	285	285	0	0	200	200	302	302	345	345	249	249
40A_B7_F9_15_2016	222	225	180	180	354	354	288	288	372	372	285	285	0	0	206	206	302	302	345	348	249	249
40A_B7_F10_16_2016	222	225	180	183	363	363	276	279	372	372	291	291	243	246	206	206	300	302	348	348	249	249
40B_B1_F1_1_2016	219	225	183	183	360	360	297	297	372	372	285	285	240	240	194	196	292	302	333	354	249	249
40B_B1_F2_2_2016	225	225	180	183	360	363	288	288	372	372	285	291	243	246	194	206	302	302	348	357	249	270
40B_B1_F3_3_2016	225	225	180	183	348	357	276	276	372	372	285	288	240	249	194	206	302	302	348	357	249	249
40B_B4_F4_4_2016	225	225	180	183	345	360	288	288	372	372	285	285	243	249	194	196	302	302	0	0	249	249
40B_B4_F5_5_2016	225	225	180	183	360	369	288	297	372	372	285	285	240	255	194	196	302	302	351	357	249	270
40B_B4_F5_6_2016	225	225	183	183	360	360	276	282	372	372	285	291	243	249	186	194	292	302	333	348	249	249
40C_B1_F1_1_2016	219	225	180	183	348	348	282	288	372	372	285	285	243	246	0	0	292	302	348	348	249	249
40C_B1_F1_2_2016	219	225	180	183	360	369	282	288	372	372	285	285	237	240	192	194	292	292	345	348	249	249
40C_B3_F2_3_2016	219	222	180	183	357	357	297	297	375	375	285	285	246	249	194	194	292	302	333	348	249	249
40C_B3_F3_4_2016	222	222	180	183	357	357	276	282	372	375	291	291	243	246	192	192	292	302	333	348	249	249
40C_B3_F3_5_2016	222	225	180	183	360	369	282	288	372	372	285	285	243	246	192	194	292	302	345	348	249	249
40C_B3_F3_6_2016	222	225	180	183	360	369	288	288	372	372	285	285	237	240	192	194	292	302	333	345	249	249
40C_B3_F4_7_2016	219	222	183	183	360	360	282	288	372	375	288	288	240	246	192	206	292	302	348	348	249	249
40C_B3_F4_8_2016	219	225	180	183	357	360	276	282	372	375	285	285	240	249	186	194	292	302	333	351	249	249
40C_B3_F4_9_2016	222	225	180	183	357	360	282	288	372	375	285	285	240	249	192	200	292	306	333	348	249	249
40C_B3_F5_10_2016	222	225	180	183	348	360	0	0	372	372	285	291	249	249	192	192	292	302	348	351	249	255
40C_B3_F5_11_2016	222	222	180	183	360	360	288	288	372	372	285	285	240	243	192	192	292	302	336	345	249	249
40D_B2_F6_1_2016	219	225	180	183	360	360	276	279	372	372	285	291	237	240	186	196	302	302	333	345	249	249
40D_B2_F6_2_2016	219	225	180	183	348	360	279	279	372	372	285	291	237	240	196	200	302	306	348	348	249	249
40D_B3_F7_3_2016	219	219	180	183	348	348	285	285	372	372	285	285	240	258	194	200	292	292	348	348	249	249
40D_B3_F7_4_2016	219	219	180	183	348	363	279	285	372	372	291	291	246	258	194	194	292	292	348	348	249	249
40D_B3_F7_5_2016	219	225	180	183	360	363	288	288	372	372	288	288	0	0	0	0	292	292	333	333	249	249
40D_B3_F8_6_2016	219	225	183	183	348	348	279	285	372	372	285	288	0	0	194	194	302	302	348	348	249	249
40D_B3_F8_7_2016	219	225	183	183	360	360	288	297	372	372	285	285	240	249	186	194	302	302	333	351	249	249
40D_B3_F8_8_2016	219	225	183	183	360	360	279	297	372	372	285	285	249	249	194	196	292	302	348	351	249	255
40D_B3_F9_9_2016	219	222	183	183	348	357	279	288	372	372	288	288	240	252	194	196	292	308	345	348	249	249
40E_B2_F1_1_2016	225	225	183	183	360	360	288	288	372	372	288	291	249	252	206	206	292	302	336	345	249	249
40E_B2_F1_2_2016	219	225	183	183	357	357	297	297	372	372	291	291	249	252	206	206	302	302	336	345	249	249
40E_B2_F2_3_2016	222	222	183	183	354	357	288	297	372	372	288	288	0	0	194	194	302	302	0	0	249	249
40E_B2_F2_4_2016	225	225	180	183	357	357	288	288	372	372	291	291	249	255	194	206	302	302	345	345	249	249
40E_B2_F3_5_2016	225	225	183	183	357	360	288	297	372	372	291	291	237	252	200	206	302	302	336	336	249	249
40E_B2_F3_6_2016	219	225	180	180	360	363	288	297	372	372	291	291	237	240	0	0	302	302	345	345	249	249
40E_B2_F4_7_2016	219	219	180	183	360	363	288	297	372	372	288	288	249	252	192	206	302	302	345	345	249	249
40E_B4_F5_8_2016	234	234	183	183	360	360	276	288	372	372	291	291	243	252	186	206	300	302	336	345	249	249
40E_B4_F6_9_2016	225	225	180	180	348	360	288	288	372	372	285	291	249	252	206	206	292	292	336	345	249	249
40E_B4_F6_10_2016	219	219	180	183	360	360	288	297	372	372	291	291	240	252	200	206	302	302	345	360	249	249
40E_B4_F6_11_2016	222	222	183	183	357	357	288	288	372	372	288	288	249	252	194	206	302	302	336	351	249	249
50A_B3_F1_1_2016	225	225	180	180	357	360	285	297	372	372	285	285	225	228	186	194	302	302	342	342	249	249
50A_B3_F1_2_2016	225	225	180	183	342	360	276	297	372	372	285	285	228	243	186	194	302	302	342	360	249	249
50A_B3_F1_3_2016	225	225	180	183	357	357	285	285	372	372	285	285	228	252	194	202	302	302	354	357	249	249
50A_B3_F2_4_2016	225	225	180	180	357	357	276	297	372	372	285	285	228	255	194	194	302	302	342	360	249	249
50A_B3_F2_5_2016	225	225	180	183	342	360	285	285	372	372	288	288	228	228	194	202	302	302	342	345	249	249
50A_B3_F3_6_2016	225	225	180	180	357	357	285	297	372	372	288	288	249	252	202	202	302	302	342	354	249	249
50B_B2_F1_1_2016	219	225	180	180	357	357	288	288	372	372	0	0	249	252	186	194	302	302	348	348	249	267
50B_B2_F2_2_2016	219	219	180	180	357	357	288	288	372	372	291	291	240	252	194	194	302	302	345	345	249	249
50B_B2_F2_3_2016	219	219	180	180	0	0	288	288	372	372	291	291	240	252	194	194	302	302	345	348	249	270
50B_B2_F3_4_2016	225	225	180	180	357	357	276	288	372	372	285	285	228	240	194	202	302	302	348	360	249	267
50B_B2_F3_5_2016	219	225	180	180	357	360	288	288	372	372	291	291	252	255	190	194	302	302	345	348	270	270
50B_B2_F3_6_2016	219	225	180	183	357	357	288	297	372	372	291	291	252	255	194	210	302	302	345	348	249	249
50B_B2_F4_7_2016	225	225	180	180	357	369	288	288	372	375	0	0	252	252	194	210	302	302	0	0	249	249
50B_B2_F4_8_2016	219	225	180	180	357	360	285	288	372	372	291	291	237	240	194	194	302	302	348	357	249	249
50B_B6_F5_9_2016	219	219	180	180	357	357	285	288	372	372	285	285	240	243	194	210	302	302	342	348	249	270
50B_B6_F5_10_2016	219	225	180	180	357	369	288	288	372	372	291	291	249	252	194	206	302	302	348	354	249	270
50B_B6_F5_11_2016	219	225	180	180	357	360	288	288	372	372	291	291	240	252	190	194	302	302	348	348	249	270
50B_B2_F5_12_2016	225	225	180	183	357	357	288	288	372	372	291	291	252	252	194	194	302	302	345	345	249	249
50B_B2_F6_13_2016	219	219	180	183	357	357	288	288	372	372	291	291	240	252	194	194	302	302	348	348	249	249
50B_B2_F7_14_2016	219	225	180	183	357	357	288	288	372	372	291	291	240	252	194	194	302	302	345	348	249	249
50B_B2_F8_15_2016	219	225	180	183	357	360	285	288	372	372	291	291	240	252	194	194	302	302	348	348	249	249
50B_B6_F6_16_2016	219	225	180	183	357	360	288	288	372	372	291	291	252	252	194	194	302	302	348	348	249	249
50B_B6_F7_17_2016	219	225	180	180	357	357	285	288	372	372	291	291	240	252	192	194	302	302	348	348	249	249
50B_B6_F8_18_2016	219	225	180	180	357	357	276	288	372	372	285	285	252	252	194	194	302	302	348	348	249	249
50B_B6_F9_19_2016	225	225	180	180	357	357	288	288	372	372	285	291	252	252	194	210	302	302	345	348	249	270
50D_B1_F1_1_2016	225	225	180	180	348	360	276	288	372	375	285	294	237	243	190	190	302	302	348	363	249	255
50D_B1_F2_2_2016	219	225	180	183	360	360	288	297	372	372	285	288	228	240	190	194	302	302	351	360	249	255
50D_B5_F3_3_2016	225	225	180	180	360	369	288	291	372	372	285	285	228	252	186	194	302	302	345	348	249	270
50D_B5_F3_4_2016	219	225	180	180	360	360	0	0	372	372	285	285	240	258	190	206	302	302	348	348	249	249
50D_B5_F3_5_2016	225	225	180	180	360	360	288	291	372	372	285	285	228	252	186	190	302	302	345	360	249	249
50D_B5_F4_6_2016	222	225	180	180	360	360	276	276	372	372	285	285	252	258	194	200	302	302	348	348	249	270
50D_B5_F4_7_2016	225	225	180	180	360	360	276	285	372	372	285	285	228	252	190	210	294	302	348	348	249	270
50D_B5_F4_8_2016	225	225	180	180	360	360	276	285	372	372	0	0	228	252	192	194	302	302	348	357	249	249
50D_B5_F5_9_2016	219	225	180	180	360	360	276	288	372	372	0	0	228	255	190	194	302	302	348	360	249	270
50D_B5_F5_10_2016	225	225	180	180	360	360	276	276	372	372	285	285	0	0	194	194	302	302	0	0	249	270
50D_B5_F6_11_2016	225	225	180	183	360	360	276	276	372	372	285	285	228	252	190	190	302	302	348	348	249	249
50E_B1_F1_1_2016	225	225	180	183	360	360	288	297	372	372	285	285	240	252	200	210	302	302	345	360	249	249
50E_B1_F1_2_2016	225	225	180	183	360	360	276	288	372	372	291	291	240	252	190	194	302	302	345	345	267	270
50E_B1_F2_3_2016	225	225	183	183	345	360	285	288	372	372	291	291	240	252	202	210	302	302	345	360	249	267
50E_B1_F2_4_2016	225	225	180	180	360	360	276	288	372	372	291	291	249	252	190	194	300	302	348	357	267	267
50E_B1_F3_5_2016	219	225	180	180	360	360	288	297	372	372	291	291	240	252	194	206	302	302	342	345	249	267
50E_B1_F3_6_2016	225	225	180	183	360	360	288	297	372	372	285	285	249	252	194	194	302	302	345	360	249	267
50E_B3_F4_7_2016	225	225	180	180	360	360	288	288	372	372	285	285	240	252	186	194	302	302	345	348	249	267
50E_B3_F4_8_2016	225	225	180	183	360	360	276	288	372	372	285	285	240	252	194	206	302	302	345	348	249	249
50E_B3_F4_9_2016	225	225	180	183	360	360	288	288	369	372	285	285	240	252	194	206	302	304	354	357	249	267
50E_B3_F5_10_2016	225	225	180	183	360	360	288	288	372	372	285	285	255	255	210	210	302	302	357	357	249	249
56A_B1_F2_1_2016	222	225	180	180	348	357	276	288	372	372	291	291	237	240	200	200	302	302	348	354	249	249
56A_B1_F3_2_2016	219	225	180	180	357	360	288	300	372	372	285	291	243	252	194	194	302	302	345	348	249	267
56A_B1_F3_3_2016	225	225	180	189	357	357	288	300	372	372	294	294	0	0	194	194	302	302	0	0	249	249
56A_B1_F4_4_2016	225	225	180	180	357	357	0	0	372	372	294	294	240	243	200	200	300	306	0	0	249	249
56A_B1_F4_5_2016	225	225	180	180	357	357	285	285	372	372	294	294	0	0	194	194	302	302	345	348	249	249
56A_B1_F4_6_2016	225	225	180	180	357	360	276	288	372	372	291	291	240	243	186	194	302	302	345	354	249	249
56A_B2_F5_7_2016	225	225	180	180	357	360	288	288	372	372	291	291	243	246	194	194	302	302	333	345	249	267
56A_B2_F6_8_2016	219	222	180	180	357	360	297	300	372	372	291	291	237	243	194	194	302	302	342	354	249	267
56A_B2_F7_9_2016	219	222	180	180	357	357	276	288	372	372	291	291	243	243	194	194	302	302	345	345	249	249
56A_B2_F8_10_2016	219	225	180	180	357	357	300	300	372	372	291	291	243	255	194	194	302	302	345	351	267	270
56A_B2_F9_11_2016	222	225	180	186	348	357	288	288	372	372	285	285	243	252	194	200	302	302	345	351	249	267
56B_B2_F1_1_2016	225	225	180	183	360	360	285	312	372	375	291	291	240	246	190	194	302	302	354	357	249	249
56B_B2_F1_2_2016	225	225	183	183	360	360	276	297	372	372	285	291	240	243	190	190	292	302	354	357	249	249
56B_B2_F1_3_2016	225	225	180	183	357	357	276	297	372	375	291	291	240	243	190	194	302	302	345	348	249	249
56B_B2_F2_4_2016	225	225	180	183	345	360	276	288	372	372	285	291	240	246	190	194	292	302	345	345	249	249
56B_B2_F2_5_2016	225	225	180	183	360	360	276	288	372	372	285	285	240	255	194	194	302	302	345	345	249	249
56B_B2_F3_6_2016	225	225	180	183	360	360	276	276	372	372	285	285	252	255	190	190	302	302	345	345	249	249
56B_B2_F3_7_2016	225	225	183	183	360	360	276	276	372	372	285	285	252	255	0	0	292	302	333	345	249	249
56B_B3_F4_8_2016	225	225	180	183	360	360	276	276	372	372	285	291	240	255	190	194	302	302	345	345	249	249
56B_B3_F4_9_2016	225	225	180	183	345	360	276	288	372	372	285	291	252	255	194	194	302	302	345	357	249	249
56B_B3_F4_10_2016	225	225	180	183	360	366	276	297	372	372	285	291	240	255	190	194	302	302	345	357	249	249
56C_B1_F1_1_2016	225	225	180	180	360	360	288	288	372	372	288	291	249	252	190	192	292	302	348	357	249	249
56C_B1_F1_2_2016	225	225	180	180	360	360	288	288	372	372	288	291	249	252	186	198	292	294	348	357	249	249
56C_B1_F2_3_2016	219	225	180	180	360	360	285	288	372	372	300	300	246	252	186	194	294	302	342	354	249	249
56C_B1_F3_4_2016	225	225	180	180	360	360	276	288	372	372	291	291	243	249	192	192	294	302	336	348	249	270
56C_B1_F3_5_2016	225	225	180	180	360	360	276	288	372	372	291	291	249	252	186	194	294	302	336	354	249	249
56C_B1_F4_6_2016	225	225	180	180	360	360	276	288	372	372	288	291	240	240	192	192	302	302	345	354	249	249
56C_B1_F4_7_2016	225	225	180	180	360	360	288	288	372	372	288	291	246	252	192	192	292	302	342	354	249	270
56C_B4_F5_8_2016	225	225	180	180	360	360	288	288	372	372	285	285	246	252	192	196	302	302	345	345	249	249
56C_B4_F5_9_2016	225	225	180	180	360	360	288	288	372	372	285	285	243	246	192	192	294	302	345	348	249	249
56C_B4_F5_10_2016	225	225	180	180	354	360	288	288	372	372	285	291	243	249	192	192	294	302	345	348	249	249
56C_B4_F6_11_2016	225	225	180	180	360	360	288	288	372	372	291	291	243	249	192	192	294	294	348	348	249	249
58A_B5_F1_1_2016	225	228	180	183	357	357	276	276	0	0	285	294	225	252	194	194	302	306	342	342	249	249
58A_B5_F1_2_2016	225	225	183	183	351	357	288	303	372	372	0	0	243	246	194	194	302	302	342	354	249	249
58A_B5_F2_3_2016	225	225	183	183	351	366	276	288	372	372	291	291	225	252	194	194	302	302	348	360	249	249
58A_B5_F2_4_2016	225	225	180	180	351	357	276	288	372	375	285	285	240	243	206	206	302	302	354	354	249	249
58A_B5_F3_5_2016	219	225	180	183	351	360	288	288	372	375	285	285	243	246	194	198	302	302	333	342	249	270
58A_B5_F3_6_2016	225	225	180	180	351	357	288	288	372	372	285	285	225	243	198	206	302	302	360	360	249	249
58A_B7_F4_7_2016	219	225	183	183	357	360	0	0	372	372	285	288	249	252	192	206	302	302	0	0	249	249
58A_B7_F4_8_2016	225	225	180	180	0	0	285	285	372	372	291	291	243	243	194	194	302	302	0	0	249	249
58A_B7_F5_9_2016	225	225	183	183	351	351	288	297	375	375	285	285	243	252	194	194	302	302	342	360	249	249
58B_B2_F1_1_2016	219	225	180	183	348	348	288	297	372	375	285	285	243	252	194	194	302	302	348	348	249	249
58B_B2_F1_2_2016	219	225	183	183	345	345	276	288	372	372	285	291	255	255	194	194	302	302	348	348	249	267
58B_B4_F2_3_2016	225	225	183	183	348	360	288	297	372	375	285	285	240	252	194	194	302	302	348	351	249	270
58B_B4_F2_4_2016	225	225	180	183	345	348	285	297	375	375	285	291	249	252	194	194	302	302	342	345	249	249
58B_B4_F3_5_2016	225	225	180	183	348	348	288	297	372	375	285	291	249	252	194	206	302	302	342	357	249	249
58B_B4_F4_6_2016	225	225	183	183	345	348	276	285	372	372	285	291	249	252	194	194	302	302	348	351	249	267
58B_B4_F4_7_2016	225	225	180	183	345	348	297	297	372	375	285	285	249	252	194	202	302	302	345	348	249	249
58B_B4_F4_8_2016	225	225	180	183	345	345	276	297	372	375	285	285	243	252	194	202	302	302	342	357	249	249
58B_B4_F5_9_2016	225	225	180	183	348	348	0	0	372	375	285	285	0	0	194	194	302	302	348	348	249	249
58B_B4_F5_10_2016	225	225	183	183	348	357	276	276	375	375	285	285	246	252	190	190	302	302	348	348	249	249
58D_B2_F1_1_2016	225	225	180	183	360	360	282	288	372	375	285	291	249	252	194	194	302	302	345	345	249	249
58D_B2_F1_2_2016	222	225	180	183	345	360	288	297	372	375	291	291	249	252	194	206	302	302	345	345	249	249
58D_B2_F2_3_2016	225	228	183	183	360	360	288	288	372	375	288	291	243	252	194	206	302	302	354	354	249	270
58D_B2_F3_4_2016	222	225	183	183	345	360	288	297	372	375	291	291	240	243	194	194	302	302	345	345	249	249
58D_B2_F3_5_2016	222	225	183	183	360	360	288	288	372	375	291	291	240	243	194	194	302	302	345	354	249	249
58D_B2_F4_6_2016	225	225	180	183	360	360	294	294	372	375	294	294	243	252	194	196	302	302	345	345	249	249
58D_B2_F4_7_2016	225	225	180	183	360	366	276	288	372	375	291	291	243	249	194	194	302	302	345	345	249	249
58D_B2_F4_8_2016	225	225	180	183	345	360	288	288	372	375	285	285	240	252	206	206	302	302	348	354	249	270
58D_B2_F5_9_2016	225	225	180	183	360	360	288	288	372	375	285	285	243	252	194	194	302	302	348	354	249	249
58D_B2_F5_10_2016	225	225	180	180	360	360	288	288	372	375	291	291	249	252	206	206	302	302	348	354	249	270
58D_B2_F5_11_2016	225	225	180	183	360	360	288	288	372	375	288	291	240	243	206	206	302	302	345	354	249	255
58E_B1_F1_1_2016	219	225	180	183	348	360	285	318	372	372	291	291	228	252	194	200	302	306	348	348	249	249
58E_B1_F1_2_2016	219	225	180	183	348	360	288	297	372	372	285	291	240	255	194	200	302	302	348	357	249	249
58E_B1_F1_3_2016	225	225	180	183	357	360	288	288	372	372	285	285	228	243	190	206	298	302	345	348	249	249
58E_B1_F2_4_2016	225	225	180	180	360	360	288	288	372	372	285	291	240	252	194	194	302	302	345	348	249	249
58E_B1_F2_5_2016	225	225	180	180	348	360	282	285	372	372	300	300	237	240	194	198	302	306	345	348	249	270
58E_B1_F2_6_2016	225	225	180	180	360	360	288	288	372	372	288	291	237	240	194	206	306	306	345	345	249	249
58E_B1_F3_7_2016	225	225	180	180	345	360	288	288	372	372	285	288	228	240	190	206	302	306	348	348	249	249
58E_B1_F3_8_2016	225	225	180	180	345	360	288	288	372	372	285	288	237	240	190	194	306	306	345	345	249	249
58E_B1_F3_9_2016	225	225	180	180	360	360	288	288	372	372	285	291	237	240	198	206	302	306	345	345	249	270
58E_B1_F4_10_2016	225	225	180	183	357	360	288	291	372	372	288	288	240	252	190	194	302	302	348	348	249	249
58E_B1_F4_11_2016	225	225	180	180	357	360	288	291	372	372	285	288	228	252	194	194	302	306	348	348	249	249
62A_B1_F1_1_2016	225	225	180	180	354	360	276	318	372	372	285	285	243	252	194	194	302	302	351	372	249	249
62A_B1_F1_2_2016	222	225	180	183	360	360	276	297	372	372	291	291	240	252	194	200	302	304	348	354	249	249
62A_B1_F2_3_2016	222	225	180	186	360	360	285	285	372	372	285	291	240	252	194	200	302	302	348	372	249	249
62A_B1_F2_4_2016	219	225	180	183	360	360	297	297	372	372	291	291	234	243	194	194	302	302	348	348	249	249
62A_B1_F2_5_2016	225	225	180	183	360	360	276	297	372	372	285	288	243	255	200	200	302	302	348	354	249	249
62A_B1_F3_6_2016	225	225	180	180	357	360	276	285	372	372	291	291	240	243	200	200	302	302	348	348	249	249
62A_B1_F3_7_2016	219	225	180	180	357	360	276	288	372	372	285	285	240	252	194	200	302	302	351	372	249	249
62A_B1_F4_8_2016	219	225	180	183	348	360	276	276	372	372	291	291	237	240	190	200	302	302	342	372	249	249
62A_B2_F5_9_2016	219	225	180	183	348	360	276	276	372	372	285	285	240	243	194	194	302	302	348	357	249	249
62A_B2_F5_10_2016	219	225	180	180	357	360	276	285	372	372	285	285	237	240	190	194	302	302	345	372	249	249
62A_B2_F5_11_2016	225	225	180	180	360	360	276	276	372	372	285	291	234	243	200	208	302	302	345	372	249	249
62A_B2_F6_12_2016	219	225	180	180	360	360	282	285	372	372	285	285	240	252	194	194	302	302	348	372	249	249
62A_B2_F7_13_2016	219	225	180	180	360	360	285	285	372	372	285	291	249	249	0	0	302	302	348	372	249	249
62A_B2_F8_14_2016	219	225	180	180	360	360	285	285	372	372	291	291	240	243	194	200	302	302	0	0	249	249
62A_B2_F9_15_2016	219	225	180	183	360	360	276	285	372	372	285	285	240	252	194	200	302	302	345	348	249	270
62A_B2_F10_16_2016	225	225	180	183	357	360	285	288	372	372	285	291	240	243	194	194	302	302	354	354	249	249
62C_B2_F1_1_2016	225	225	180	183	357	360	300	300	372	372	285	285	243	249	194	194	302	302	345	348	249	249
62C_B2_F1_2_2016	225	225	180	180	360	360	300	300	372	372	285	285	240	243	194	194	302	302	345	345	249	249
62C_B2_F2_3_2016	225	225	180	183	345	360	288	300	372	372	285	291	243	252	200	200	302	302	345	351	249	270
62C_B2_F2_4_2016	225	225	180	180	357	360	288	300	372	372	285	285	243	243	194	194	302	302	333	348	249	249
62C_B2_F2_5_2016	225	225	180	180	357	357	288	300	372	372	285	291	243	252	206	206	302	302	345	345	249	249
62C_B2_F3_6_2016	225	225	180	183	354	360	300	300	372	372	285	288	243	243	194	194	302	302	333	357	249	249
62C_B2_F3_7_2016	219	225	180	183	357	357	297	297	372	372	0	0	240	243	192	192	302	302	345	345	249	261
62C_B2_F3_8_2016	225	225	180	180	357	357	282	300	372	372	285	288	234	249	194	194	302	302	333	348	249	249
62C_B2_F4_9_2016	219	225	180	183	357	357	288	288	372	372	285	288	234	252	194	194	302	302	333	348	249	249
62C_B2_F4_10_2016	222	225	180	180	357	360	276	276	372	372	285	285	243	252	190	194	302	302	333	348	249	249
62C_B2_F5_11_2016	225	225	180	183	357	360	285	288	372	372	285	285	243	252	194	200	302	302	345	348	249	249
62E_B1_F1_1_2016	219	219	180	180	348	360	297	297	372	372	285	285	0	0	194	194	300	302	333	342	249	249
62E_B1_F2_2_2016	219	225	183	183	348	348	276	276	372	372	285	285	231	234	194	194	302	302	342	342	249	249
62E_B1_F2_3_2016	219	219	183	183	348	348	297	297	372	372	285	285	240	243	194	194	302	302	342	342	249	249
62E_B1_F2_4_2016	219	225	180	180	348	366	276	288	372	372	285	285	243	246	194	194	302	302	342	345	249	249
62E_B1_F3_5_2016	225	225	180	183	348	360	276	300	372	372	285	285	240	243	192	192	302	302	342	345	249	249
62E_B1_F3_6_2016	219	228	180	180	348	360	276	297	372	372	291	291	240	243	192	192	302	302	342	354	249	249
62E_B2_F4_7_2016	219	219	180	180	345	360	276	288	372	375	285	288	243	252	192	192	302	302	342	342	249	249
62E_B2_F4_8_2016	219	225	180	180	348	357	276	282	372	372	291	291	240	243	192	192	302	304	0	0	249	249
62E_B2_F5_9_2016	219	219	180	180	348	360	276	297	372	372	0	0	240	243	192	192	302	302	345	357	249	249
62E_B2_F5_10_2016	225	225	180	183	348	360	288	297	372	372	0	0	243	252	194	200	302	302	348	348	249	249
62E_B2_F6_11_2016	219	225	180	180	348	354	276	297	372	372	285	288	249	252	194	194	302	302	342	357	249	249
63A_B2_F1_1_2016	225	225	180	180	345	345	288	288	372	372	285	294	240	252	192	208	300	302	342	348	249	249
63A_B2_F1_2_2016	225	225	180	180	357	360	297	297	372	372	285	285	243	252	192	192	302	302	348	348	249	270
63A_B2_F2_3_2016	225	228	180	180	357	357	288	297	372	372	285	285	243	252	208	208	302	302	342	342	249	249
63A_B2_F2_4_2016	219	225	180	180	348	357	297	297	372	372	285	285	243	252	192	192	302	302	342	345	249	249
63A_B2_F2_5_2016	228	228	180	180	345	345	288	288	372	372	285	285	243	252	192	192	302	302	342	342	249	249
63A_B3_F3_6_2016	222	225	180	183	345	360	276	288	372	372	285	285	249	252	192	192	302	302	342	357	249	249
63A_B3_F3_7_2016	225	225	180	180	345	357	276	288	372	372	285	285	249	252	192	208	302	302	348	354	249	249
63A_B3_F3_8_2016	225	225	180	180	345	354	276	288	372	372	285	291	243	252	208	208	302	302	348	372	249	249
63A_B3_F4_9_2016	219	228	180	180	345	348	297	297	372	372	285	285	252	252	192	192	302	302	342	360	249	249
63A_B3_F4_10_2016	225	225	180	180	345	360	288	288	372	372	285	285	249	252	194	208	302	302	330	348	249	249
63A_B3_F5_11_2016	225	228	180	180	345	360	285	288	372	372	285	285	240	243	194	208	302	302	348	354	249	249
63A_B3_F6_12_2016	219	225	180	183	345	345	285	297	372	372	285	285	252	252	192	194	302	302	342	342	249	249
63A_B3_F7_13_2016	225	225	180	183	345	345	285	297	372	372	285	285	252	252	192	192	302	306	342	342	249	249
63B_B1_F1_1_2016	219	231	180	180	360	360	288	297	372	372	291	291	240	252	194	206	302	302	345	345	249	249
63B_B1_F1_2_2016	219	225	180	180	360	360	276	297	372	372	291	291	240	252	194	194	302	302	336	348	249	249
63B_B1_F1_3_2016	225	225	180	180	360	360	288	297	372	372	291	291	246	249	194	206	302	302	345	348	249	249
63B_B1_F2_4_2016	225	231	180	180	357	357	285	297	372	372	291	291	237	240	194	194	292	302	345	348	249	249
63B_B1_F2_5_2016	225	231	180	183	357	360	285	297	372	372	288	288	240	252	194	194	302	302	345	348	249	249
63B_B1_F2_6_2016	219	231	180	183	357	360	285	285	372	372	288	288	249	252	194	200	302	302	345	348	249	249
63B_B2_F3_7_2016	225	225	180	180	348	357	285	285	372	372	285	285	249	252	194	194	302	302	345	354	249	249
63B_B2_F3_8_2016	225	231	180	180	357	360	285	285	372	372	288	288	240	243	194	200	302	302	345	348	249	249
63B_B2_F4_9_2016	225	225	180	180	357	360	276	285	372	372	291	291	240	243	192	194	302	302	345	345	249	249
63B_B2_F4_10_2016	225	231	180	180	360	360	297	297	372	375	288	288	240	249	194	194	302	302	345	345	249	249
63B_B2_F5_11_2016	219	225	180	183	357	357	288	297	372	372	285	291	240	243	194	194	302	302	339	348	249	249
63B_B1_F3_12_2016	219	225	180	180	357	357	285	285	372	372	291	291	249	252	194	194	302	302	345	348	249	249
63B_B2_F6_13_2016	219	225	180	180	357	357	276	285	372	372	291	291	252	252	194	194	302	302	345	348	249	249
63B_B2_F7_14_2016	225	225	180	183	357	360	276	285	372	372	291	291	252	252	194	200	302	302	345	348	249	249
63B_B2_F8_15_2016	225	225	180	183	357	357	285	297	372	372	288	288	249	252	194	194	302	302	345	348	249	249
63C_B1_F1_1_2016	225	228	180	183	354	360	288	288	372	375	291	291	249	252	192	200	302	302	330	330	249	261
63C_B1_F1_2_2016	225	225	183	183	354	354	288	288	372	375	291	297	252	252	194	194	294	302	0	0	249	261
63C_B3_F2_3_2016	225	225	183	183	354	354	285	285	372	372	300	300	249	255	194	194	302	302	345	372	249	270
63C_B3_F2_4_2016	225	225	180	183	354	354	285	285	372	372	291	291	246	249	194	194	302	302	330	345	249	270
63C_B3_F3_5_2016	219	225	183	183	354	354	288	288	372	375	0	0	246	252	0	0	294	294	372	372	249	270
63E_B5_F1_1_2016	225	228	180	183	357	360	288	297	372	372	285	285	243	252	194	208	302	302	342	354	249	249
63E_B5_F1_2_2016	225	225	180	183	360	360	276	297	372	372	285	285	249	252	194	194	302	302	345	354	249	261
63E_B5_F1_3_2016	219	225	180	183	357	360	276	276	372	372	285	285	249	252	194	208	302	302	345	372	249	249
63E_B5_F2_4_2016	225	225	180	180	360	360	288	288	372	372	291	291	249	252	194	194	302	302	345	354	249	249
63E_B5_F2_5_2016	219	225	180	183	360	360	276	288	372	372	288	288	252	258	190	194	302	302	345	354	249	249
63E_B5_F2_6_2016	225	225	180	183	360	360	276	288	375	375	291	291	249	252	194	194	302	302	345	345	249	249
63E_B7_F3_7_2016	225	231	183	183	357	360	276	276	372	375	291	291	249	255	194	194	302	302	345	345	249	249
63E_B7_F3_8_2016	225	225	180	183	354	360	288	288	372	372	288	291	240	252	194	206	302	302	342	354	249	249
63E_B7_F3_9_2016	225	225	180	180	357	360	276	288	372	372	285	285	243	252	194	208	302	302	348	354	249	249
63E_B7_F4_10_2016	219	225	180	186	360	360	288	297	372	372	288	291	243	252	194	194	302	302	345	345	249	249
