10A_2016	219	225	183	183	348	357	282	288	372	372	288	288	249	252	190	202	302	302	345	354	249	249
10B_2016	225	225	183	183	348	348	285	285	372	372	291	291	252	258	190	194	302	302	345	345	249	267
10C_2016	219	225	180	180	348	357	288	288	372	372	285	285	240	258	194	194	302	302	342	348	249	249
10D_2016	222	225	180	189	345	357	276	288	372	372	291	291	240	243	190	198	302	302	345	357	249	249
10E_2016	225	225	180	189	360	360	288	288	372	372	285	291	234	240	194	194	302	302	345	354	249	249
12A_2016	219	225	180	183	357	363	297	297	372	372	285	285	240	252	192	200	292	302	345	354	249	249
12C_2016	225	225	180	189	357	357	276	285	372	372	288	288	249	252	194	200	302	302	345	348	249	249
12D_2016	219	225	183	183	360	360	276	285	372	372	285	291	243	252	200	206	302	302	345	348	249	249
12E_2016	225	225	180	183	345	360	276	276	372	372	285	285	249	252	194	206	302	302	345	357	249	249
16A_2016	225	225	180	189	360	360	276	279	372	372	285	291	240	252	194	194	302	302	345	348	249	249
16B_2016	222	225	180	183	357	357	288	297	372	372	291	291	243	252	192	200	302	302	345	354	249	270
16C_2016	219	219	183	189	345	357	276	288	372	372	288	288	249	252	194	200	302	302	345	348	249	249
16E_2016	225	225	180	183	357	360	282	297	372	372	288	288	252	255	192	192	302	302	348	354	249	270
24A_2016	219	219	180	189	357	360	288	288	372	372	285	285	240	252	194	198	302	302	348	351	249	249
24B_2016	225	225	180	183	348	360	288	288	372	372	285	285	240	249	190	194	302	302	345	348	249	270
24C_2016	225	225	183	183	348	363	276	288	372	372	285	285	249	252	192	194	294	302	345	351	249	270
24D_2016	219	225	180	186	360	360	276	297	372	375	288	291	240	258	192	200	302	302	345	348	249	249
24E_2016	219	219	180	180	348	360	276	288	372	372	285	285	234	252	194	200	302	304	348	351	249	270
27A_2016	219	225	183	189	348	360	276	297	372	372	285	291	240	243	194	194	302	302	348	357	249	249
27B_2016	219	225	180	189	357	357	276	300	372	375	285	291	243	249	194	200	302	302	345	354	249	249
27D_2016	225	225	180	189	348	360	288	297	372	372	285	291	240	240	194	194	302	302	345	345	249	270
27E_2016	225	225	180	180	360	360	276	276	372	372	288	291	249	252	192	192	302	302	345	348	249	249
28B_2016	225	225	180	180	360	360	288	297	372	372	285	285	240	246	194	204	302	302	345	348	249	249
28C_2016	219	222	180	183	357	360	282	285	372	372	285	291	240	252	194	194	300	302	345	345	249	249
28D_2016	225	228	183	183	342	360	276	288	372	372	291	291	252	255	192	202	302	302	345	348	249	249
28E_2016	225	225	180	183	345	357	288	288	372	372	288	291	240	240	194	194	292	302	345	345	249	249
29A_2016	219	225	180	183	357	360	285	297	372	372	291	291	240	243	194	194	302	302	333	345	249	249
29B_2016	216	225	180	183	357	360	276	288	372	372	285	285	249	255	194	194	302	302	345	348	249	249
29C_2016	216	219	180	180	360	360	288	288	372	372	285	285	249	252	194	194	302	302	345	345	249	249
29D_2016	225	225	180	189	360	360	288	297	372	372	291	294	249	252	194	198	302	302	345	345	249	249
29E_2016	219	225	180	183	348	354	276	300	372	372	291	291	243	252	194	200	302	302	333	348	249	249
31A_2016	219	219	180	183	357	360	276	285	372	372	285	285	240	255	186	200	302	302	348	357	249	249
31B_2016	219	225	180	180	357	360	279	291	366	372	285	285	237	240	194	200	302	304	345	345	249	249
31D_2016	219	225	180	180	357	360	288	288	372	372	285	291	240	255	190	192	302	302	345	372	249	249
31E_2016	225	225	180	183	345	360	276	279	372	372	285	288	237	240	200	202	302	302	345	345	249	249
32A_2016	219	225	180	189	357	360	276	288	372	372	285	285	240	252	190	194	302	302	345	354	249	249
32B_2016	225	225	183	189	348	354	276	285	372	372	285	285	237	240	190	190	302	302	345	345	249	249
32C_2016	225	225	180	183	357	360	291	303	372	372	285	288	240	243	204	210	292	302	342	345	249	249
32D_2016	219	219	180	189	360	360	288	297	372	375	285	291	234	243	190	200	302	304	348	348	249	249
32E_2016	225	225	180	189	357	357	276	285	372	372	285	291	243	252	194	204	302	304	345	348	249	249
35C_2016	222	225	183	186	360	360	285	297	372	375	291	291	252	255	190	210	302	302	342	348	249	255
35D_2016	222	225	180	183	357	360	285	297	372	372	291	291	237	255	190	194	302	302	342	363	249	255
36A_2016	219	225	183	189	348	360	276	288	372	372	285	291	237	255	192	194	302	304	342	348	249	249
36B_2016	225	225	180	180	348	357	276	288	372	372	285	285	240	252	194	194	302	302	345	351	249	267
36C_2016	225	225	180	180	360	360	288	288	372	372	285	291	255	258	194	198	302	306	345	351	249	249
36E_2016	219	225	180	180	357	360	276	285	372	372	285	291	240	243	190	194	302	302	345	348	249	267
39B_2016	225	225	180	183	360	363	285	285	372	372	285	288	240	246	190	190	302	302	345	357	249	249
39C_2016	225	225	180	183	354	360	285	288	372	372	288	288	240	252	194	200	302	302	342	345	249	249
40A_2016	222	225	180	180	363	363	288	288	372	375	285	291	240	243	200	206	302	302	345	348	249	249
40B_2016	225	225	180	183	348	360	285	288	372	372	285	291	240	243	190	194	292	302	333	357	249	249
40C_2016	219	222	183	183	360	360	282	282	372	375	285	285	243	249	192	194	292	292	336	348	249	249
40D_2016	219	219	183	189	348	360	279	279	372	372	285	288	240	249	194	196	292	302	333	348	249	249
40E_2016	219	225	180	183	357	360	288	297	372	372	288	291	249	252	206	206	292	302	336	345	249	249
50A_2016	225	225	180	180	357	360	285	297	372	372	285	285	228	252	194	202	302	302	342	357	249	249
50B_2016	219	225	180	180	357	357	288	288	372	372	285	291	240	252	194	194	302	302	345	348	249	270
50D_2016	225	225	180	180	360	360	276	288	372	372	285	285	228	258	190	194	302	302	348	360	249	270
50E_2016	225	225	180	183	360	360	288	288	372	372	285	291	240	255	194	210	302	302	345	357	249	267
56A_2016	222	225	180	180	357	357	288	300	372	372	291	294	240	243	194	200	300	302	345	354	249	267
56B_2016	225	225	183	183	360	360	276	312	372	372	285	285	246	255	190	194	302	302	345	357	249	249
56C_2016	225	225	180	180	360	360	288	288	372	372	291	291	249	252	186	192	294	302	348	354	249	249
58A_2016	225	225	180	183	351	357	276	288	372	375	285	291	225	243	194	206	302	302	342	360	249	249
58B_2016	225	225	183	183	348	348	276	297	372	375	285	285	252	255	194	194	302	302	342	348	249	249
58D_2016	225	225	180	183	360	360	288	288	375	375	285	291	243	252	194	206	302	302	345	354	249	249
58E_2016	225	225	180	180	360	360	288	288	372	372	288	291	228	240	194	206	302	306	345	348	249	249
62A_2016	225	225	180	180	360	360	276	285	372	372	285	291	243	252	194	200	302	302	348	372	249	249
62C_2016	225	225	180	183	357	360	300	300	372	372	285	285	234	243	192	194	302	302	345	348	249	249
62E_2016	219	219	180	183	348	360	276	297	372	372	285	291	240	243	192	194	302	302	342	357	249	249
63A_2016	225	228	180	180	345	357	288	297	372	372	285	285	243	252	192	208	302	302	342	348	249	249
63B_2016	225	231	180	180	357	360	285	297	372	372	288	291	240	249	194	200	302	302	345	345	249	249
63C_2016	225	225	183	183	354	354	285	288	372	372	291	291	249	252	194	200	294	302	330	372	261	270
63E_2016	219	225	180	183	360	360	276	288	372	375	285	291	249	252	194	194	302	302	345	354	249	249
